,Labels,MAL,NV,BCC,AK,BK,DF,SCC
0,0.0,0.047454833984375,0.1116943359375,0.366455078125,0.10455322265625,0.26904296875,0.03314208984375,0.06756591796875
1,0.0,0.034515380859375,0.469970703125,0.0977783203125,0.0628662109375,0.293212890625,0.0218505859375,0.0195770263671875
2,0.0,0.191162109375,0.413818359375,0.00569915771484375,0.005767822265625,0.37548828125,0.002033233642578125,0.006084442138671875
3,0.0,0.2183837890625,0.52734375,0.029754638671875,0.0994873046875,0.0836181640625,0.0223541259765625,0.0188140869140625
4,0.0,0.0655517578125,0.0565185546875,0.09136962890625,0.3447265625,0.413818359375,0.006221771240234375,0.021697998046875
5,0.0,0.2108154296875,0.3388671875,0.053863525390625,0.1622314453125,0.211669921875,0.009918212890625,0.01275634765625
6,0.0,0.07421875,0.1375732421875,0.03851318359375,0.08697509765625,0.61376953125,0.0196990966796875,0.0292205810546875
7,0.0,0.331787109375,0.469970703125,0.04229736328125,0.03155517578125,0.04034423828125,0.04547119140625,0.038604736328125
8,0.0,0.0288238525390625,0.08184814453125,0.13671875,0.1102294921875,0.0189208984375,0.398681640625,0.224853515625
9,0.0,0.0235595703125,0.0300140380859375,0.1553955078125,0.70263671875,0.059539794921875,0.0102691650390625,0.018798828125
10,0.0,0.8466796875,0.150634765625,0.0003018379211425781,0.00016832351684570312,0.0017414093017578125,0.0001226663589477539,0.00032782554626464844
11,0.0,0.41748046875,0.07763671875,0.146728515625,0.06048583984375,0.01806640625,0.09783935546875,0.181884765625
12,0.0,0.0474853515625,0.0130767822265625,0.263916015625,0.484619140625,0.03765869140625,0.01137542724609375,0.141845703125
13,0.0,0.32275390625,0.45068359375,0.03912353515625,0.07147216796875,0.06060791015625,0.04278564453125,0.0124664306640625
14,0.0,0.423583984375,0.1326904296875,0.00829315185546875,0.072998046875,0.359619140625,0.0009889602661132812,0.0017757415771484375
15,0.0,0.048187255859375,0.246337890625,0.2381591796875,0.1375732421875,0.281494140625,0.0208740234375,0.0274505615234375
16,0.0,0.2437744140625,0.0703125,0.04144287109375,0.1424560546875,0.477294921875,0.002285003662109375,0.0223236083984375
17,0.0,0.0233154296875,0.047760009765625,0.042938232421875,0.033294677734375,0.02252197265625,0.439453125,0.390869140625
18,0.0,0.061676025390625,0.307373046875,0.0791015625,0.01230621337890625,0.423828125,0.04266357421875,0.07305908203125
19,0.0,0.332763671875,0.5888671875,0.01197052001953125,0.00534820556640625,0.036102294921875,0.01552581787109375,0.00940704345703125
20,0.0,0.07513427734375,0.037109375,0.0548095703125,0.07098388671875,0.00507354736328125,0.443603515625,0.313232421875
21,0.0,0.1739501953125,0.1065673828125,0.404052734375,0.021148681640625,0.07501220703125,0.06927490234375,0.1500244140625
22,0.0,0.2178955078125,0.72998046875,0.0106658935546875,0.005512237548828125,0.0212860107421875,0.002216339111328125,0.01248931884765625
23,0.0,0.2822265625,0.62158203125,0.00592041015625,0.00274658203125,0.0743408203125,0.004161834716796875,0.00907135009765625
24,0.0,0.2254638671875,0.05035400390625,0.362548828125,0.00909423828125,0.006717681884765625,0.14111328125,0.2047119140625
25,0.0,0.0677490234375,0.04254150390625,0.061248779296875,0.498046875,0.314453125,0.00423431396484375,0.011871337890625
26,0.0,0.314208984375,0.067138671875,0.048370361328125,0.09539794921875,0.4716796875,0.0009784698486328125,0.002422332763671875
27,0.0,0.11065673828125,0.08160400390625,0.271728515625,0.2366943359375,0.11029052734375,0.093994140625,0.09490966796875
28,0.0,0.2259521484375,0.2763671875,0.0301513671875,0.0186920166015625,0.400146484375,0.01320648193359375,0.035614013671875
29,0.0,0.416015625,0.46142578125,0.0255889892578125,0.007965087890625,0.08038330078125,0.004940032958984375,0.0037784576416015625
30,0.0,0.07708740234375,0.242919921875,0.2103271484375,0.054443359375,0.36376953125,0.02435302734375,0.027069091796875
31,0.0,0.0814208984375,0.603515625,0.02301025390625,0.020172119140625,0.2452392578125,0.00583648681640625,0.0208740234375
32,0.0,0.06561279296875,0.1607666015625,0.178466796875,0.042999267578125,0.031982421875,0.382568359375,0.1375732421875
33,0.0,0.2357177734375,0.25,0.0022716522216796875,0.0145263671875,0.492431640625,0.001171112060546875,0.0038814544677734375
34,0.0,0.2841796875,0.481201171875,0.02557373046875,0.012115478515625,0.17578125,0.0127716064453125,0.008209228515625
35,0.0,0.1004638671875,0.104248046875,0.06329345703125,0.17138671875,0.52783203125,0.006664276123046875,0.0261993408203125
36,0.0,0.0611572265625,0.34912109375,0.01119232177734375,0.0018978118896484375,0.57470703125,0.0012769699096679688,0.0008068084716796875
37,0.0,0.0233612060546875,0.0014142990112304688,0.455810546875,0.0703125,0.0195770263671875,0.00554656982421875,0.424072265625
38,0.0,0.09722900390625,0.78759765625,0.03973388671875,0.00598907470703125,0.05670166015625,0.0077056884765625,0.005252838134765625
39,0.0,0.053924560546875,0.83447265625,0.0439453125,0.0019130706787109375,0.0516357421875,0.0114898681640625,0.0025005340576171875
40,0.0,0.0458984375,0.356201171875,0.4287109375,0.0660400390625,0.02679443359375,0.051177978515625,0.0253143310546875
41,0.0,0.54345703125,0.166259765625,0.06536865234375,0.0301971435546875,0.0997314453125,0.0066680908203125,0.08831787109375
42,0.0,0.1519775390625,0.5107421875,0.0176544189453125,0.00621795654296875,0.23291015625,0.00647735595703125,0.07403564453125
43,0.0,0.1737060546875,0.58984375,0.0281982421875,0.033447265625,0.1151123046875,0.018096923828125,0.0416259765625
44,0.0,0.0623779296875,0.58642578125,0.01666259765625,0.005985260009765625,0.312744140625,0.006465911865234375,0.0092010498046875
45,0.0,0.0288238525390625,0.08184814453125,0.13671875,0.1102294921875,0.0189208984375,0.398681640625,0.224853515625
46,0.0,0.03759765625,0.55419921875,0.01019287109375,0.005649566650390625,0.3056640625,0.063720703125,0.0229339599609375
47,0.0,0.6220703125,0.204345703125,0.129150390625,0.005893707275390625,0.006359100341796875,0.01145172119140625,0.0207366943359375
48,0.0,0.1044921875,0.55078125,0.042572021484375,0.0023784637451171875,0.07196044921875,0.1976318359375,0.0300750732421875
49,0.0,0.83154296875,0.01220703125,0.07049560546875,0.0060577392578125,0.0086822509765625,0.01318359375,0.0576171875
50,0.0,0.0297698974609375,0.34130859375,0.0382080078125,0.004909515380859375,0.55078125,0.02130126953125,0.0135650634765625
51,0.0,0.352783203125,0.6328125,0.0072021484375,0.00113677978515625,0.0027942657470703125,0.0018644332885742188,0.0013360977172851562
52,0.0,0.07763671875,0.4892578125,0.0997314453125,0.038482666015625,0.1669921875,0.0673828125,0.060577392578125
53,0.0,0.6435546875,0.1815185546875,0.06640625,0.0241546630859375,0.0304412841796875,0.01323699951171875,0.0406494140625
54,0.0,0.384521484375,0.377197265625,0.01274871826171875,0.0019989013671875,0.203369140625,0.002086639404296875,0.018157958984375
55,0.0,0.199462890625,0.2315673828125,0.50537109375,0.004772186279296875,0.0289764404296875,0.0116729736328125,0.0182952880859375
56,0.0,0.93017578125,0.05609130859375,0.0015974044799804688,0.001300811767578125,0.00792694091796875,0.0007457733154296875,0.0022220611572265625
57,0.0,0.94091796875,0.04119873046875,0.0012111663818359375,0.0008645057678222656,0.0026111602783203125,0.002094268798828125,0.011322021484375
58,0.0,0.9443359375,0.03765869140625,0.0017547607421875,0.0036296844482421875,0.00982666015625,0.00040841102600097656,0.002407073974609375
59,0.0,0.06549072265625,0.5244140625,0.03973388671875,0.0262603759765625,0.16259765625,0.09246826171875,0.08905029296875
60,0.0,0.93505859375,0.03509521484375,0.006374359130859375,0.0008215904235839844,0.0125274658203125,0.0007719993591308594,0.00925445556640625
61,0.0,0.10552978515625,0.45654296875,0.030670166015625,0.020477294921875,0.2177734375,0.132568359375,0.03662109375
62,0.0,0.53466796875,0.419677734375,0.0280914306640625,0.0011005401611328125,0.00966644287109375,0.0038585662841796875,0.0028362274169921875
63,0.0,0.638671875,0.275634765625,0.0016880035400390625,0.00279998779296875,0.06097412109375,0.00725555419921875,0.01297760009765625
64,0.0,0.41259765625,0.45849609375,0.041748046875,0.00482177734375,0.07550048828125,0.004383087158203125,0.0023784637451171875
65,0.0,0.1422119140625,0.294677734375,0.48046875,0.0189971923828125,0.021820068359375,0.0210723876953125,0.0208587646484375
66,0.0,0.1861572265625,0.77587890625,0.008087158203125,0.002288818359375,0.007633209228515625,0.01323699951171875,0.0065155029296875
67,0.0,0.01995849609375,0.62060546875,0.0401611328125,0.051544189453125,0.2373046875,0.02325439453125,0.007381439208984375
68,0.0,0.043182373046875,0.290771484375,0.56396484375,0.021759033203125,0.05194091796875,0.007396697998046875,0.0209197998046875
69,0.0,0.30224609375,0.55224609375,0.044464111328125,0.00881195068359375,0.063720703125,0.01053619384765625,0.01824951171875
70,0.0,0.040283203125,0.409423828125,0.011810302734375,0.00894927978515625,0.51220703125,0.0066375732421875,0.01055908203125
71,0.0,0.81201171875,0.08050537109375,0.040008544921875,0.009674072265625,0.0416259765625,0.0025386810302734375,0.01378631591796875
72,0.0,0.07867431640625,0.810546875,0.00849151611328125,0.011199951171875,0.086181640625,0.0028896331787109375,0.0018367767333984375
73,0.0,0.02044677734375,0.1458740234375,0.295654296875,0.1068115234375,0.14501953125,0.0657958984375,0.2203369140625
74,0.0,0.1575927734375,0.408935546875,0.00722503662109375,0.0032024383544921875,0.367919921875,0.0124969482421875,0.042510986328125
75,0.0,0.82568359375,0.061279296875,0.006389617919921875,0.00394439697265625,0.08197021484375,0.0024929046630859375,0.01824951171875
76,0.0,0.09185791015625,0.421630859375,0.0189208984375,0.006855010986328125,0.433349609375,0.012908935546875,0.01430511474609375
77,0.0,0.02691650390625,0.51806640625,0.11962890625,0.00913238525390625,0.302978515625,0.01214599609375,0.01134490966796875
78,0.0,0.213623046875,0.20703125,0.1300048828125,0.1522216796875,0.06268310546875,0.186767578125,0.0477294921875
79,0.0,0.275390625,0.0283203125,0.1773681640625,0.25439453125,0.03521728515625,0.0224456787109375,0.206787109375
80,0.0,0.07763671875,0.8154296875,0.0546875,0.00998687744140625,0.01995849609375,0.0098114013671875,0.01244354248046875
81,0.0,0.6083984375,0.073486328125,0.2110595703125,0.01171112060546875,0.036651611328125,0.01288604736328125,0.045745849609375
82,0.0,0.8984375,0.07818603515625,0.01392364501953125,0.0004143714904785156,0.0016326904296875,0.0016031265258789062,0.0055999755859375
83,0.0,0.09625244140625,0.56005859375,0.124267578125,0.003482818603515625,0.2044677734375,0.005863189697265625,0.005664825439453125
84,0.0,0.19189453125,0.396240234375,0.10028076171875,0.0758056640625,0.1585693359375,0.01922607421875,0.05810546875
85,0.0,0.2406005859375,0.59326171875,0.007007598876953125,0.01093292236328125,0.11456298828125,0.005573272705078125,0.0280303955078125
86,0.0,0.7529296875,0.057037353515625,0.07110595703125,0.00594329833984375,0.006168365478515625,0.029449462890625,0.0771484375
87,0.0,0.0511474609375,0.26904296875,0.0010080337524414062,0.0002942085266113281,0.677734375,0.000385284423828125,0.0005297660827636719
88,0.0,0.0199127197265625,0.11474609375,0.0361328125,0.1396484375,0.06976318359375,0.09991455078125,0.52001953125
89,0.0,0.17333984375,0.64013671875,0.13818359375,0.006725311279296875,0.0114898681640625,0.0087738037109375,0.02130126953125
90,0.0,0.80517578125,0.0322265625,0.08319091796875,0.01305389404296875,0.039947509765625,0.0019273757934570312,0.0244903564453125
91,0.0,0.437255859375,0.385009765625,0.133056640625,0.007354736328125,0.02239990234375,0.007663726806640625,0.007198333740234375
92,0.0,0.05712890625,0.44384765625,0.007503509521484375,0.01117706298828125,0.41455078125,0.0298614501953125,0.035888671875
93,0.0,0.716796875,0.2724609375,0.005619049072265625,0.0006055831909179688,0.0008983612060546875,0.0014314651489257812,0.0022182464599609375
94,0.0,0.171142578125,0.59765625,0.04986572265625,0.02685546875,0.102783203125,0.034423828125,0.0172271728515625
95,0.0,0.50634765625,0.30517578125,0.1051025390625,0.004673004150390625,0.0709228515625,0.0025005340576171875,0.005352020263671875
96,0.0,0.30908203125,0.3896484375,0.01348114013671875,0.00608062744140625,0.25244140625,0.00894927978515625,0.020233154296875
97,0.0,0.334228515625,0.059051513671875,0.374755859375,0.019317626953125,0.04022216796875,0.0198974609375,0.152587890625
98,0.0,0.1536865234375,0.62060546875,0.002040863037109375,0.00267791748046875,0.2091064453125,0.005504608154296875,0.006519317626953125
99,0.0,0.220458984375,0.5029296875,0.06390380859375,0.032318115234375,0.057373046875,0.0662841796875,0.056884765625
100,0.0,0.073974609375,0.533203125,0.041717529296875,0.005218505859375,0.28955078125,0.03912353515625,0.0171051025390625
101,0.0,0.56640625,0.358154296875,0.022735595703125,0.016754150390625,0.006591796875,0.01232147216796875,0.016876220703125
102,0.0,0.1072998046875,0.1187744140625,0.016571044921875,0.042327880859375,0.677734375,0.00821685791015625,0.029266357421875
103,0.0,0.406494140625,0.046966552734375,0.029388427734375,0.09185791015625,0.417724609375,0.0017614364624023438,0.005985260009765625
104,0.0,0.2125244140625,0.355712890625,0.0173797607421875,0.0028209686279296875,0.316650390625,0.06268310546875,0.03228759765625
105,0.0,0.047515869140625,0.439697265625,0.308837890625,0.01342010498046875,0.0125732421875,0.158203125,0.019866943359375
106,0.0,0.5078125,0.382568359375,0.050628662109375,0.0025577545166015625,0.05072021484375,0.0017175674438476562,0.0038299560546875
107,0.0,0.130615234375,0.33447265625,0.25244140625,0.0787353515625,0.193115234375,0.004192352294921875,0.00656890869140625
108,0.0,0.0439453125,0.08978271484375,0.0726318359375,0.02435302734375,0.03167724609375,0.330322265625,0.407470703125
109,0.0,0.08929443359375,0.0193634033203125,0.69580078125,0.00469970703125,0.01004791259765625,0.0295257568359375,0.151123046875
110,0.0,0.09088134765625,0.4052734375,0.05426025390625,0.04754638671875,0.186279296875,0.06414794921875,0.1514892578125
111,0.0,0.5595703125,0.4306640625,0.0008511543273925781,0.00033736228942871094,0.006122589111328125,0.0008630752563476562,0.00140380859375
112,0.0,0.314697265625,0.482177734375,0.005725860595703125,0.027130126953125,0.1072998046875,0.0206756591796875,0.04229736328125
113,0.0,0.74169921875,0.2279052734375,0.001834869384765625,0.00061798095703125,0.01340484619140625,0.0059356689453125,0.00873565673828125
114,0.0,0.8720703125,0.119140625,0.0052947998046875,0.00029087066650390625,0.0019311904907226562,0.0007266998291015625,0.0007004737854003906
115,0.0,0.1153564453125,0.513671875,0.0252532958984375,0.0026798248291015625,0.319091796875,0.01337432861328125,0.01045989990234375
116,0.0,0.4521484375,0.094482421875,0.0300750732421875,0.00696563720703125,0.334228515625,0.0050506591796875,0.0770263671875
117,0.0,0.12384033203125,0.28564453125,0.007434844970703125,0.002597808837890625,0.578125,0.0011720657348632812,0.0011034011840820312
118,0.0,0.7333984375,0.260009765625,0.001285552978515625,0.0003752708435058594,0.0032634735107421875,0.00024318695068359375,0.0013427734375
119,0.0,0.2275390625,0.306884765625,0.01122283935546875,0.047760009765625,0.0673828125,0.1651611328125,0.174072265625
120,0.0,0.289794921875,0.56494140625,0.0157623291015625,0.006526947021484375,0.11279296875,0.0017156600952148438,0.00852203369140625
121,0.0,0.044952392578125,0.4521484375,0.0057373046875,0.058746337890625,0.27734375,0.106201171875,0.05487060546875
122,0.0,0.0897216796875,0.005458831787109375,0.05169677734375,0.022064208984375,0.0262603759765625,0.14599609375,0.65869140625
123,0.0,0.4013671875,0.413330078125,0.004055023193359375,0.0016918182373046875,0.1732177734375,0.0032558441162109375,0.0032291412353515625
124,0.0,0.796875,0.07586669921875,0.02862548828125,0.00881195068359375,0.042144775390625,0.0068817138671875,0.040863037109375
125,0.0,0.3720703125,0.35888671875,0.0157623291015625,0.00722503662109375,0.2088623046875,0.01491546630859375,0.0223541259765625
126,0.0,0.92529296875,0.05859375,0.00324249267578125,0.0010175704956054688,0.0088653564453125,0.0004761219024658203,0.0022716522216796875
127,0.0,0.86279296875,0.10443115234375,0.002948760986328125,0.0014925003051757812,0.023956298828125,0.0009217262268066406,0.003475189208984375
128,0.0,0.26806640625,0.298583984375,0.223876953125,0.00510406494140625,0.034271240234375,0.1376953125,0.03240966796875
129,0.0,0.256591796875,0.08770751953125,0.48291015625,0.0201416015625,0.076416015625,0.022216796875,0.0540771484375
130,0.0,0.307373046875,0.5107421875,0.006549835205078125,0.0020389556884765625,0.166748046875,0.0034503936767578125,0.003093719482421875
131,0.0,0.366943359375,0.39306640625,0.162353515625,0.01080322265625,0.05511474609375,0.006015777587890625,0.00563812255859375
132,0.0,0.28662109375,0.61669921875,0.0089111328125,0.004772186279296875,0.0499267578125,0.018707275390625,0.01438140869140625
133,0.0,0.80859375,0.1065673828125,0.04705810546875,0.0032596588134765625,0.013763427734375,0.007259368896484375,0.0135650634765625
134,0.0,0.52734375,0.274658203125,0.1317138671875,0.002593994140625,0.0251617431640625,0.01438140869140625,0.0241851806640625
135,0.0,0.56689453125,0.1151123046875,0.12152099609375,0.0175933837890625,0.061614990234375,0.01336669921875,0.10369873046875
136,0.0,0.2344970703125,0.095703125,0.5439453125,0.01080322265625,0.06536865234375,0.00616455078125,0.04339599609375
137,0.0,0.0870361328125,0.28466796875,0.03070068359375,0.0118865966796875,0.4365234375,0.06866455078125,0.0804443359375
138,0.0,0.143310546875,0.2152099609375,0.33740234375,0.1370849609375,0.091064453125,0.016693115234375,0.059356689453125
139,0.0,0.20458984375,0.37353515625,0.037078857421875,0.01580810546875,0.267333984375,0.0299835205078125,0.0716552734375
140,0.0,0.41015625,0.576171875,0.001079559326171875,0.0007181167602539062,0.00940704345703125,0.0002715587615966797,0.002201080322265625
141,0.0,0.1119384765625,0.515625,0.083740234375,0.0227508544921875,0.1788330078125,0.042205810546875,0.045135498046875
142,0.0,0.07720947265625,0.0309906005859375,0.658203125,0.037139892578125,0.12109375,0.00707244873046875,0.06829833984375
143,0.0,0.049835205078125,0.0213775634765625,0.19970703125,0.1417236328125,0.08917236328125,0.03411865234375,0.4638671875
144,0.0,0.89794921875,0.07208251953125,0.00820159912109375,0.005054473876953125,0.00806427001953125,0.0038356781005859375,0.004730224609375
145,0.0,0.212646484375,0.361328125,0.019866943359375,0.026947021484375,0.146728515625,0.04364013671875,0.18896484375
146,0.0,0.1171875,0.36376953125,0.029022216796875,0.2388916015625,0.06402587890625,0.036376953125,0.15087890625
147,0.0,0.0814208984375,0.007617950439453125,0.17578125,0.05792236328125,0.031341552734375,0.042938232421875,0.60302734375
148,0.0,0.052825927734375,0.16064453125,0.0263671875,0.03369140625,0.56884765625,0.047393798828125,0.11029052734375
149,0.0,0.28173828125,0.313720703125,0.035919189453125,0.2249755859375,0.019683837890625,0.00994110107421875,0.11419677734375
150,0.0,0.0276031494140625,0.76220703125,0.02947998046875,0.02203369140625,0.111572265625,0.0295867919921875,0.0175628662109375
151,0.0,0.042724609375,0.63427734375,0.01171875,0.0022220611572265625,0.30029296875,0.0037899017333984375,0.00492095947265625
152,0.0,0.56298828125,0.2276611328125,0.08795166015625,0.016632080078125,0.0250396728515625,0.0205230712890625,0.05938720703125
153,0.0,0.042144775390625,0.3642578125,0.004077911376953125,0.01345062255859375,0.55126953125,0.00894927978515625,0.0160064697265625
154,0.0,0.19287109375,0.03948974609375,0.546875,0.01190185546875,0.034576416015625,0.037384033203125,0.1370849609375
155,0.0,0.08660888671875,0.0911865234375,0.054107666015625,0.07135009765625,0.6416015625,0.00415802001953125,0.05120849609375
156,0.0,0.32373046875,0.5166015625,0.009063720703125,0.03515625,0.10833740234375,0.0021724700927734375,0.004974365234375
157,0.0,0.152587890625,0.22119140625,0.521484375,0.0207977294921875,0.033355712890625,0.037872314453125,0.0126190185546875
158,0.0,0.0819091796875,0.332275390625,0.1927490234375,0.06390380859375,0.1844482421875,0.041015625,0.10369873046875
159,0.0,0.112060546875,0.59765625,0.008544921875,0.00247955322265625,0.267822265625,0.0077362060546875,0.004070281982421875
160,0.0,0.383544921875,0.09246826171875,0.003009796142578125,0.026763916015625,0.48974609375,0.0014905929565429688,0.00290679931640625
161,0.0,0.291015625,0.1162109375,0.424560546875,0.040191650390625,0.09130859375,0.01038360595703125,0.02618408203125
162,0.0,0.171630859375,0.2132568359375,0.0183868408203125,0.05126953125,0.0164794921875,0.400634765625,0.12841796875
163,0.0,0.06561279296875,0.1607666015625,0.178466796875,0.042999267578125,0.031982421875,0.382568359375,0.1375732421875
164,0.0,0.05419921875,0.3369140625,0.022796630859375,0.00333404541015625,0.5166015625,0.0274810791015625,0.03875732421875
165,0.0,0.9013671875,0.044158935546875,0.006717681884765625,0.0110931396484375,0.0081024169921875,0.0036487579345703125,0.024810791015625
166,0.0,0.365966796875,0.5439453125,0.01145172119140625,0.003040313720703125,0.0091094970703125,0.03900146484375,0.02716064453125
167,0.0,0.007541656494140625,0.37890625,0.03936767578125,0.034820556640625,0.27587890625,0.170654296875,0.0928955078125
168,0.0,0.03594970703125,0.10693359375,0.084228515625,0.07183837890625,0.492919921875,0.062255859375,0.1458740234375
169,0.0,0.138916015625,0.003177642822265625,0.70556640625,0.0135498046875,0.013763427734375,0.011627197265625,0.11358642578125
170,0.0,0.1776123046875,0.2412109375,0.4091796875,0.0200958251953125,0.11309814453125,0.0117034912109375,0.027252197265625
171,0.0,0.026580810546875,0.8720703125,0.0171051025390625,0.0018568038940429688,0.0538330078125,0.0239715576171875,0.004405975341796875
172,0.0,0.108154296875,0.4814453125,0.039306640625,0.04638671875,0.1861572265625,0.0330810546875,0.1055908203125
173,0.0,0.026641845703125,0.83984375,0.055755615234375,0.0150299072265625,0.0189361572265625,0.00913238525390625,0.0345458984375
174,0.0,0.65673828125,0.062744140625,0.11688232421875,0.0233917236328125,0.063720703125,0.01003265380859375,0.06640625
175,0.0,0.08123779296875,0.39794921875,0.01519012451171875,0.005138397216796875,0.48291015625,0.00745391845703125,0.01018524169921875
176,0.0,0.311767578125,0.4453125,0.01285552978515625,0.030548095703125,0.099609375,0.0197906494140625,0.0802001953125
177,0.0,0.01357269287109375,0.26220703125,0.01090240478515625,0.0017385482788085938,0.65625,0.0361328125,0.0191497802734375
178,0.0,0.14794921875,0.70751953125,0.0963134765625,0.00264739990234375,0.0049896240234375,0.0113677978515625,0.029296875
179,0.0,0.1143798828125,0.62353515625,0.09967041015625,0.0019989013671875,0.1510009765625,0.0009479522705078125,0.00867462158203125
180,0.0,0.1495361328125,0.7255859375,0.059600830078125,0.0036773681640625,0.04266357421875,0.01012420654296875,0.00868988037109375
181,0.0,0.30712890625,0.050811767578125,0.388427734375,0.027313232421875,0.03955078125,0.0141754150390625,0.172607421875
182,0.0,0.0151214599609375,0.261962890625,0.08599853515625,0.1593017578125,0.10205078125,0.1719970703125,0.20361328125
183,0.0,0.051055908203125,0.01259613037109375,0.33251953125,0.01088714599609375,0.004711151123046875,0.1771240234375,0.4111328125
184,0.0,0.1690673828125,0.11834716796875,0.49169921875,0.022857666015625,0.07061767578125,0.052276611328125,0.07525634765625
185,0.0,0.02264404296875,0.1644287109375,0.177734375,0.0307464599609375,0.1800537109375,0.28662109375,0.1376953125
186,0.0,0.0304718017578125,0.41748046875,0.05242919921875,0.00627899169921875,0.44970703125,0.0206451416015625,0.022857666015625
187,0.0,0.1949462890625,0.48828125,0.0017919540405273438,0.00357818603515625,0.298583984375,0.00835418701171875,0.00455474853515625
188,0.0,0.040252685546875,0.1785888671875,0.01392364501953125,0.0005350112915039062,0.7578125,0.0031280517578125,0.005588531494140625
189,0.0,0.1737060546875,0.344970703125,0.026763916015625,0.00966644287109375,0.4111328125,0.01354217529296875,0.0202178955078125
190,1.0,0.00896453857421875,0.93896484375,0.0006709098815917969,0.0029163360595703125,0.0107421875,0.033111572265625,0.004505157470703125
191,1.0,0.0887451171875,0.76953125,0.0008549690246582031,0.0012760162353515625,0.1363525390625,0.00104522705078125,0.0020542144775390625
192,1.0,0.09716796875,0.6748046875,0.00051116943359375,0.0009479522705078125,0.217041015625,0.004093170166015625,0.00531768798828125
193,1.0,0.10003662109375,0.82763671875,0.003841400146484375,0.0025730133056640625,0.0037384033203125,0.053253173828125,0.00873565673828125
194,1.0,0.20703125,0.313232421875,0.054718017578125,0.1453857421875,0.260009765625,0.00460052490234375,0.01511383056640625
195,1.0,0.057708740234375,0.8193359375,0.00234222412109375,0.00653076171875,0.09625244140625,0.004669189453125,0.012969970703125
196,1.0,0.007648468017578125,0.5712890625,0.007633209228515625,0.00457763671875,0.393310546875,0.00778961181640625,0.007617950439453125
197,1.0,0.047637939453125,0.2498779296875,0.090576171875,0.1422119140625,0.365234375,0.047637939453125,0.05670166015625
198,1.0,0.0670166015625,0.6328125,0.12548828125,0.0174102783203125,0.06805419921875,0.062042236328125,0.02728271484375
199,1.0,0.05267333984375,0.470703125,0.0013427734375,0.002178192138671875,0.4697265625,0.0015821456909179688,0.001697540283203125
200,1.0,0.0804443359375,0.85205078125,0.0023708343505859375,0.002513885498046875,0.046173095703125,0.0040740966796875,0.01230621337890625
201,1.0,0.3466796875,0.35595703125,0.0248260498046875,0.00423431396484375,0.2276611328125,0.03076171875,0.00965118408203125
202,1.0,0.2333984375,0.64599609375,0.00801849365234375,0.00719451904296875,0.019744873046875,0.0322265625,0.0535888671875
203,1.0,0.06146240234375,0.43408203125,0.0186614990234375,0.0174102783203125,0.362548828125,0.033203125,0.07257080078125
204,1.0,0.2978515625,0.37939453125,0.0027484893798828125,0.00286865234375,0.265869140625,0.0361328125,0.01506805419921875
205,1.0,0.013763427734375,0.65966796875,0.00891876220703125,0.0031795501708984375,0.30859375,0.0038204193115234375,0.0022296905517578125
206,1.0,0.06689453125,0.60693359375,0.038604736328125,0.0130462646484375,0.12066650390625,0.0655517578125,0.08843994140625
207,1.0,0.461181640625,0.499755859375,0.006561279296875,0.0021114349365234375,0.02337646484375,0.0023136138916015625,0.0047760009765625
208,1.0,0.01293182373046875,0.443115234375,0.2261962890625,0.11199951171875,0.07440185546875,0.059417724609375,0.072021484375
209,1.0,0.058685302734375,0.399169921875,0.0010538101196289062,0.00876617431640625,0.0161285400390625,0.4833984375,0.03265380859375
210,1.0,0.09320068359375,0.32373046875,0.1517333984375,0.170654296875,0.127197265625,0.0438232421875,0.08966064453125
211,1.0,0.041351318359375,0.2568359375,0.27001953125,0.2303466796875,0.11663818359375,0.04962158203125,0.03497314453125
212,1.0,0.0182342529296875,0.1671142578125,0.097412109375,0.335693359375,0.0723876953125,0.1290283203125,0.1800537109375
213,1.0,0.0323486328125,0.84521484375,0.00836181640625,0.0125732421875,0.062408447265625,0.0235748291015625,0.0153350830078125
214,1.0,0.08526611328125,0.80322265625,0.00424957275390625,0.0191650390625,0.0748291015625,0.00910186767578125,0.00415802001953125
215,1.0,0.07769775390625,0.2646484375,0.07757568359375,0.11029052734375,0.02764892578125,0.3505859375,0.091552734375
216,1.0,0.046844482421875,0.7041015625,0.00885772705078125,0.00461578369140625,0.2281494140625,0.00396728515625,0.0033702850341796875
217,1.0,0.01372528076171875,0.873046875,0.01049041748046875,0.01129913330078125,0.0628662109375,0.01788330078125,0.01045989990234375
218,1.0,0.06036376953125,0.80224609375,0.0013484954833984375,0.004573822021484375,0.11798095703125,0.01128387451171875,0.0022983551025390625
219,1.0,0.054840087890625,0.2445068359375,0.062225341796875,0.0953369140625,0.1343994140625,0.3056640625,0.103271484375
220,1.0,0.088623046875,0.448974609375,0.0242462158203125,0.01094818115234375,0.4033203125,0.0101776123046875,0.01357269287109375
221,1.0,0.0780029296875,0.273681640625,0.08599853515625,0.31005859375,0.1397705078125,0.087646484375,0.0247955322265625
222,1.0,0.180908203125,0.1923828125,0.0816650390625,0.15234375,0.357421875,0.01158905029296875,0.0238189697265625
223,1.0,0.07464599609375,0.479248046875,0.0107879638671875,0.00479888916015625,0.37451171875,0.037628173828125,0.018402099609375
224,1.0,0.0231781005859375,0.51416015625,0.01476287841796875,0.07061767578125,0.254638671875,0.061553955078125,0.06085205078125
225,1.0,0.01016998291015625,0.044586181640625,0.0006504058837890625,0.00010716915130615234,0.9443359375,7.05718994140625e-05,0.00010633468627929688
226,1.0,0.051605224609375,0.441162109375,0.07342529296875,0.0302581787109375,0.2998046875,0.030975341796875,0.07281494140625
227,1.0,0.01110076904296875,0.90087890625,0.0178680419921875,0.01861572265625,0.043487548828125,0.00397491455078125,0.0039520263671875
228,1.0,0.057098388671875,0.450439453125,0.034698486328125,0.033111572265625,0.2242431640625,0.1407470703125,0.059722900390625
229,1.0,0.1806640625,0.54296875,0.010650634765625,0.1956787109375,0.0303192138671875,0.0186004638671875,0.021240234375
230,1.0,0.047149658203125,0.74609375,0.04010009765625,0.01006317138671875,0.048736572265625,0.0892333984375,0.01873779296875
231,1.0,0.0016622543334960938,0.59521484375,0.07952880859375,0.009765625,0.308837890625,0.002864837646484375,0.0018987655639648438
232,1.0,0.1348876953125,0.435546875,0.005706787109375,0.0014333724975585938,0.4140625,0.0024852752685546875,0.00595855712890625
233,1.0,0.0623779296875,0.89794921875,0.003887176513671875,0.004322052001953125,0.01520538330078125,0.01227569580078125,0.004085540771484375
234,1.0,0.0999755859375,0.51220703125,0.0027179718017578125,0.0019168853759765625,0.3798828125,0.0012302398681640625,0.0019855499267578125
235,1.0,0.0175018310546875,0.02569580078125,0.45947265625,0.391845703125,0.0150604248046875,0.02325439453125,0.06707763671875
236,1.0,0.67041015625,0.28759765625,0.019927978515625,0.00295257568359375,0.00772857666015625,0.00443267822265625,0.007015228271484375
237,1.0,0.0423583984375,0.1593017578125,0.050262451171875,0.07916259765625,0.046905517578125,0.55908203125,0.06304931640625
238,1.0,0.04217529296875,0.615234375,0.006671905517578125,0.014251708984375,0.3125,0.004425048828125,0.00463104248046875
239,1.0,0.0625,0.367431640625,0.01108551025390625,0.007625579833984375,0.53662109375,0.008514404296875,0.00616455078125
240,1.0,0.01515960693359375,0.382080078125,0.052978515625,0.002285003662109375,0.5458984375,0.0006885528564453125,0.0007376670837402344
241,1.0,0.038543701171875,0.55615234375,0.017333984375,0.04180908203125,0.2412109375,0.058197021484375,0.04693603515625
242,1.0,0.0350341796875,0.84423828125,0.058837890625,0.0060272216796875,0.0186920166015625,0.0306396484375,0.00650787353515625
243,1.0,0.428955078125,0.3583984375,0.026153564453125,0.018463134765625,0.1337890625,0.01165008544921875,0.022308349609375
244,1.0,0.035980224609375,0.517578125,0.06512451171875,0.1796875,0.107177734375,0.043121337890625,0.051300048828125
245,1.0,0.0168304443359375,0.724609375,0.00024890899658203125,0.00013196468353271484,0.255859375,0.0016927719116210938,0.0003840923309326172
246,1.0,0.022857666015625,0.437255859375,0.258544921875,0.059661865234375,0.14404296875,0.0214080810546875,0.0562744140625
247,1.0,0.061370849609375,0.619140625,0.0184326171875,0.01505279541015625,0.25244140625,0.026123046875,0.007598876953125
248,1.0,0.01904296875,0.5810546875,0.0308837890625,0.003772735595703125,0.349853515625,0.00614166259765625,0.00919342041015625
249,1.0,0.06683349609375,0.466796875,0.384033203125,0.00496673583984375,0.06024169921875,0.00615692138671875,0.01116943359375
250,1.0,0.10211181640625,0.211669921875,0.01531982421875,0.018890380859375,0.03338623046875,0.52099609375,0.09783935546875
251,1.0,0.217529296875,0.6005859375,0.0750732421875,0.01218414306640625,0.0238037109375,0.0557861328125,0.01522064208984375
252,1.0,0.0165557861328125,0.12646484375,0.0018062591552734375,0.0006499290466308594,0.8427734375,0.007110595703125,0.00458526611328125
253,1.0,0.160400390625,0.33154296875,0.1727294921875,0.00627899169921875,0.10894775390625,0.1573486328125,0.06280517578125
254,1.0,0.1900634765625,0.71435546875,0.00312042236328125,0.003238677978515625,0.0189056396484375,0.05462646484375,0.015533447265625
255,1.0,0.0299835205078125,0.29052734375,0.0128936767578125,0.00508880615234375,0.64111328125,0.00749969482421875,0.01308441162109375
256,1.0,0.02264404296875,0.5087890625,0.06878662109375,0.081298828125,0.231689453125,0.04620361328125,0.04052734375
257,1.0,0.0028057098388671875,0.68310546875,0.0034503936767578125,0.008880615234375,0.29541015625,0.0002846717834472656,0.0059661865234375
258,1.0,0.28369140625,0.60888671875,0.01885986328125,0.006298065185546875,0.065673828125,0.002658843994140625,0.01409149169921875
259,1.0,0.07159423828125,0.43798828125,0.1722412109375,0.05718994140625,0.0693359375,0.11334228515625,0.07830810546875
260,1.0,0.03271484375,0.8798828125,0.0031337738037109375,0.0009074211120605469,0.0804443359375,0.002109527587890625,0.0007991790771484375
261,1.0,0.035552978515625,0.07806396484375,0.048492431640625,0.11956787109375,0.02777099609375,0.23828125,0.4521484375
262,1.0,0.367919921875,0.304931640625,0.01261138916015625,0.0017299652099609375,0.0033740997314453125,0.222900390625,0.086669921875
263,1.0,0.094970703125,0.77099609375,0.006622314453125,0.00862884521484375,0.11322021484375,0.00257110595703125,0.003192901611328125
264,1.0,0.1400146484375,0.81396484375,0.0005846023559570312,0.00450897216796875,0.0372314453125,0.0008358955383300781,0.0029144287109375
265,1.0,0.2958984375,0.6474609375,0.0253753662109375,0.0008153915405273438,0.01471710205078125,0.007549285888671875,0.00787353515625
266,1.0,0.135009765625,0.3486328125,0.07611083984375,0.03021240234375,0.322998046875,0.01526641845703125,0.0718994140625
267,1.0,0.3369140625,0.6259765625,0.0039215087890625,0.000980377197265625,0.030731201171875,0.00038909912109375,0.0012788772583007812
268,1.0,0.1231689453125,0.8017578125,0.001003265380859375,0.006221771240234375,0.0570068359375,0.0006580352783203125,0.0102386474609375
269,1.0,0.0406494140625,0.397705078125,0.001544952392578125,0.0051116943359375,0.546875,0.006587982177734375,0.0014657974243164062
270,1.0,0.0667724609375,0.6767578125,0.0108642578125,0.004940032958984375,0.2113037109375,0.01535797119140625,0.01415252685546875
271,1.0,0.395751953125,0.295654296875,0.00644683837890625,0.211669921875,0.06842041015625,0.0035533905029296875,0.01861572265625
272,1.0,0.01369476318359375,0.2227783203125,0.07537841796875,0.07568359375,0.24365234375,0.113037109375,0.255615234375
273,1.0,0.01258087158203125,0.84765625,0.0145416259765625,0.0167388916015625,0.08380126953125,0.01849365234375,0.005970001220703125
274,1.0,0.035308837890625,0.5673828125,0.055816650390625,0.0202484130859375,0.251708984375,0.056060791015625,0.01324462890625
275,1.0,0.248779296875,0.60791015625,0.006191253662109375,0.0611572265625,0.025482177734375,0.006168365478515625,0.04425048828125
276,1.0,0.021820068359375,0.16796875,0.07562255859375,0.059539794921875,0.009552001953125,0.58203125,0.083251953125
277,1.0,0.0218353271484375,0.59423828125,0.0028896331787109375,0.00875091552734375,0.0323486328125,0.322509765625,0.0174713134765625
278,1.0,0.037109375,0.939453125,0.00034546852111816406,0.0013437271118164062,0.0198211669921875,0.0005078315734863281,0.001255035400390625
279,1.0,0.0728759765625,0.87109375,0.0017080307006835938,0.007289886474609375,0.0240936279296875,0.005527496337890625,0.017486572265625
280,1.0,0.0462646484375,0.685546875,0.0030956268310546875,0.0179595947265625,0.0491943359375,0.1741943359375,0.0236358642578125
281,1.0,0.037322998046875,0.921875,0.0023040771484375,0.001529693603515625,0.03436279296875,0.0013828277587890625,0.0013666152954101562
282,1.0,0.0452880859375,0.74658203125,0.00449371337890625,0.0025577545166015625,0.197509765625,0.0012331008911132812,0.0022449493408203125
283,1.0,0.1671142578125,0.6103515625,0.00897979736328125,0.00942230224609375,0.175048828125,0.0096893310546875,0.019256591796875
284,1.0,0.046905517578125,0.48486328125,0.0202178955078125,0.0080108642578125,0.32421875,0.08428955078125,0.0313720703125
285,1.0,0.07196044921875,0.599609375,0.0023708343505859375,0.004741668701171875,0.304443359375,0.01055908203125,0.006465911865234375
286,1.0,0.034942626953125,0.705078125,0.0188446044921875,0.05712890625,0.0821533203125,0.043853759765625,0.05816650390625
287,1.0,0.0233306884765625,0.265869140625,0.034698486328125,0.0078887939453125,0.60791015625,0.031463623046875,0.02862548828125
288,1.0,0.1224365234375,0.755859375,0.004695892333984375,0.01104736328125,0.07525634765625,0.00441741943359375,0.026397705078125
289,1.0,0.0296173095703125,0.53955078125,0.0079345703125,0.012237548828125,0.008941650390625,0.252197265625,0.149658203125
290,1.0,0.074951171875,0.358154296875,0.05938720703125,0.04205322265625,0.309326171875,0.101806640625,0.05438232421875
291,1.0,0.07135009765625,0.68017578125,0.005397796630859375,0.0018339157104492188,0.1829833984375,0.046875,0.011199951171875
292,1.0,0.01032257080078125,0.9755859375,0.0003707408905029297,0.0011453628540039062,0.0117034912109375,0.000766754150390625,0.0002911090850830078
293,1.0,0.04638671875,0.317138671875,0.06976318359375,0.0185089111328125,0.487060546875,0.0280914306640625,0.032958984375
294,1.0,0.00812530517578125,0.70556640625,0.004138946533203125,0.00839996337890625,0.26220703125,0.0103912353515625,0.0013275146484375
295,1.0,0.0223541259765625,0.298828125,0.0225830078125,0.3193359375,0.315673828125,0.01099395751953125,0.01010894775390625
296,1.0,0.072998046875,0.8203125,0.01335906982421875,0.02874755859375,0.0267791748046875,0.0235137939453125,0.01435089111328125
297,1.0,0.032073974609375,0.28955078125,0.4990234375,0.0648193359375,0.038055419921875,0.019866943359375,0.05657958984375
298,1.0,0.09417724609375,0.55322265625,0.003513336181640625,0.0214691162109375,0.177490234375,0.0853271484375,0.06512451171875
299,1.0,0.0469970703125,0.80029296875,0.028289794921875,0.0229644775390625,0.0631103515625,0.015777587890625,0.0226593017578125
300,1.0,0.0273284912109375,0.2491455078125,0.1484375,0.3798828125,0.159912109375,0.01016998291015625,0.0252532958984375
301,1.0,0.0104522705078125,0.52001953125,0.1090087890625,0.0517578125,0.06683349609375,0.20068359375,0.041168212890625
302,1.0,0.00907135009765625,0.681640625,0.039825439453125,0.09033203125,0.059326171875,0.1156005859375,0.00392913818359375
303,1.0,0.017974853515625,0.255615234375,0.2042236328125,0.160400390625,0.1663818359375,0.06549072265625,0.1297607421875
304,1.0,0.067626953125,0.453369140625,0.00737762451171875,0.00799560546875,0.224853515625,0.1639404296875,0.074951171875
305,1.0,0.034088134765625,0.4970703125,0.0279693603515625,0.007144927978515625,0.3671875,0.04901123046875,0.01739501953125
306,1.0,0.011962890625,0.178955078125,0.050933837890625,0.31201171875,0.09417724609375,0.1163330078125,0.235595703125
307,1.0,0.046722412109375,0.496337890625,0.07196044921875,0.026336669921875,0.009613037109375,0.302001953125,0.04718017578125
308,1.0,0.022735595703125,0.379638671875,0.019439697265625,0.06414794921875,0.455810546875,0.0204315185546875,0.037841796875
309,1.0,0.004383087158203125,0.0270843505859375,0.51171875,0.41748046875,0.0201263427734375,0.0084228515625,0.01085662841796875
310,1.0,0.03765869140625,0.62744140625,0.0161895751953125,0.0274810791015625,0.163818359375,0.06304931640625,0.0643310546875
311,1.0,0.0254364013671875,0.51806640625,0.11328125,0.0413818359375,0.10321044921875,0.0809326171875,0.11773681640625
312,1.0,0.018310546875,0.5,0.1334228515625,0.05181884765625,0.27197265625,0.010284423828125,0.014251708984375
313,1.0,0.376953125,0.1109619140625,0.0341796875,0.12158203125,0.34814453125,0.00257110595703125,0.00559234619140625
314,1.0,0.046295166015625,0.8544921875,0.0026111602783203125,0.004901885986328125,0.007030487060546875,0.060333251953125,0.0240936279296875
315,1.0,0.061920166015625,0.8818359375,0.005657196044921875,0.0150909423828125,0.007236480712890625,0.021728515625,0.00653076171875
316,1.0,0.018524169921875,0.6103515625,0.0277557373046875,0.0218505859375,0.306396484375,0.007534027099609375,0.00771331787109375
317,1.0,0.140869140625,0.7431640625,0.0166015625,0.0032329559326171875,0.08343505859375,0.002315521240234375,0.0103912353515625
318,1.0,0.0178985595703125,0.272705078125,0.026397705078125,0.036224365234375,0.57958984375,0.04608154296875,0.02099609375
319,1.0,0.07183837890625,0.87841796875,0.002490997314453125,0.005474090576171875,0.0293426513671875,0.005710601806640625,0.0066986083984375
320,1.0,0.0239715576171875,0.244140625,0.10589599609375,0.09075927734375,0.26513671875,0.11865234375,0.1513671875
321,1.0,0.037017822265625,0.134033203125,0.049835205078125,0.30322265625,0.05413818359375,0.2218017578125,0.199951171875
322,1.0,0.2188720703125,0.63232421875,0.10723876953125,0.005748748779296875,0.01287078857421875,0.01474761962890625,0.00826263427734375
323,1.0,0.033905029296875,0.18505859375,0.3759765625,0.0728759765625,0.07293701171875,0.18505859375,0.07415771484375
324,1.0,0.1729736328125,0.7578125,0.0036754608154296875,0.007076263427734375,0.005397796630859375,0.01523590087890625,0.037689208984375
325,1.0,0.226806640625,0.70263671875,0.0017862319946289062,0.004734039306640625,0.053375244140625,0.0015459060668945312,0.00926971435546875
326,1.0,0.0214080810546875,0.67431640625,0.01262664794921875,0.005496978759765625,0.2467041015625,0.031646728515625,0.0075836181640625
327,1.0,0.09820556640625,0.66015625,0.01259613037109375,0.006988525390625,0.161376953125,0.0174713134765625,0.043426513671875
328,1.0,0.054718017578125,0.92333984375,0.0004153251647949219,0.0006318092346191406,0.019012451171875,0.00048542022705078125,0.00118255615234375
329,1.0,0.0928955078125,0.7060546875,0.0010194778442382812,0.0018634796142578125,0.191162109375,0.00408172607421875,0.002651214599609375
330,1.0,0.0278472900390625,0.55224609375,0.023651123046875,0.0220489501953125,0.14306640625,0.178466796875,0.052490234375
331,1.0,0.0579833984375,0.84033203125,0.009979248046875,0.016754150390625,0.054290771484375,0.005367279052734375,0.015228271484375
332,1.0,0.176025390625,0.38525390625,0.0023822784423828125,0.000942230224609375,0.38525390625,0.0311126708984375,0.018890380859375
333,1.0,0.0311431884765625,0.232666015625,0.04052734375,0.0035610198974609375,0.65380859375,0.01812744140625,0.0201416015625
334,1.0,0.1353759765625,0.6552734375,0.1375732421875,0.00789642333984375,0.023345947265625,0.024200439453125,0.0165557861328125
335,1.0,0.08984375,0.51611328125,0.078857421875,0.106201171875,0.0777587890625,0.112060546875,0.01934814453125
336,1.0,0.0225982666015625,0.73388671875,0.06646728515625,0.0176239013671875,0.12939453125,0.02435302734375,0.00579071044921875
337,1.0,0.023834228515625,0.95849609375,0.0008721351623535156,0.0017709732055664062,0.0135955810546875,0.0002455711364746094,0.0012826919555664062
338,1.0,0.128662109375,0.444091796875,0.0017900466918945312,0.005878448486328125,0.411376953125,0.006103515625,0.0020961761474609375
339,1.0,0.041534423828125,0.310791015625,0.389892578125,0.16064453125,0.07470703125,0.0098876953125,0.01250457763671875
340,1.0,0.01477813720703125,0.7060546875,0.056732177734375,0.1060791015625,0.09716796875,0.0134735107421875,0.00585174560546875
341,1.0,0.050872802734375,0.59228515625,0.0238494873046875,0.007595062255859375,0.310791015625,0.00795745849609375,0.006710052490234375
342,1.0,0.5712890625,0.207763671875,0.07177734375,0.01499176025390625,0.06976318359375,0.035797119140625,0.0285797119140625
343,1.0,0.0179901123046875,0.857421875,0.0232391357421875,0.01654052734375,0.0762939453125,0.005443572998046875,0.0029392242431640625
344,1.0,0.01204681396484375,0.42626953125,0.194580078125,0.1795654296875,0.161376953125,0.01202392578125,0.0142364501953125
345,1.0,0.0157470703125,0.93994140625,0.00023615360260009766,0.00023245811462402344,0.041290283203125,0.0022563934326171875,0.0004048347473144531
346,1.0,0.0819091796875,0.294677734375,0.0126495361328125,0.004772186279296875,0.5712890625,0.01123046875,0.0233001708984375
347,1.0,0.15478515625,0.68359375,0.006687164306640625,0.00769805908203125,0.0273590087890625,0.09393310546875,0.0260467529296875
348,1.0,0.03753662109375,0.27587890625,0.028961181640625,0.0290679931640625,0.056365966796875,0.40478515625,0.16748046875
349,1.0,0.06768798828125,0.58203125,0.058837890625,0.0212249755859375,0.0186004638671875,0.2276611328125,0.02392578125
350,1.0,0.027435302734375,0.50830078125,0.0158233642578125,0.00948333740234375,0.404541015625,0.018157958984375,0.016357421875
351,1.0,0.183349609375,0.6240234375,0.01232147216796875,0.0073394775390625,0.1258544921875,0.021392822265625,0.0258941650390625
352,1.0,0.0030956268310546875,0.728515625,0.045166015625,0.03436279296875,0.139404296875,0.042877197265625,0.006793975830078125
353,1.0,0.084716796875,0.73828125,0.019256591796875,0.03759765625,0.00948333740234375,0.007083892822265625,0.1036376953125
354,1.0,0.06298828125,0.49658203125,0.018341064453125,0.003520965576171875,0.41015625,0.002689361572265625,0.005603790283203125
355,1.0,0.53125,0.25146484375,0.1744384765625,0.0006122589111328125,0.039703369140625,0.0005831718444824219,0.0021457672119140625
356,1.0,0.0232696533203125,0.5673828125,0.10089111328125,0.122802734375,0.0675048828125,0.027984619140625,0.09033203125
357,1.0,0.040557861328125,0.890625,0.01202392578125,0.0021190643310546875,0.033111572265625,0.0142364501953125,0.00756072998046875
358,1.0,0.096435546875,0.646484375,0.0159912109375,0.0273284912109375,0.175048828125,0.020660400390625,0.018096923828125
359,1.0,0.148193359375,0.458251953125,0.08807373046875,0.02392578125,0.2705078125,0.0042266845703125,0.006916046142578125
360,1.0,0.53271484375,0.316650390625,0.00037670135498046875,0.0034027099609375,0.145263671875,0.00015103816986083984,0.0015935897827148438
361,1.0,0.487548828125,0.357421875,0.0540771484375,0.002887725830078125,0.0921630859375,0.0012760162353515625,0.004764556884765625
362,1.0,0.009307861328125,0.5390625,0.11822509765625,0.1043701171875,0.1766357421875,0.04071044921875,0.0118560791015625
363,1.0,0.06488037109375,0.370361328125,0.09307861328125,0.06414794921875,0.1378173828125,0.1951904296875,0.07464599609375
364,1.0,0.0277557373046875,0.58544921875,0.0231170654296875,0.07244873046875,0.2646484375,0.0164947509765625,0.0100860595703125
365,1.0,0.020172119140625,0.865234375,0.0141754150390625,0.0061492919921875,0.08734130859375,0.00505828857421875,0.00196075439453125
366,1.0,0.00446319580078125,0.51171875,0.043792724609375,0.00934600830078125,0.41357421875,0.0113372802734375,0.005588531494140625
367,1.0,0.0116729736328125,0.93896484375,0.00033736228942871094,0.00018990039825439453,0.048431396484375,0.00025916099548339844,0.00012433528900146484
368,1.0,0.10205078125,0.7744140625,0.0017652511596679688,0.00379180908203125,0.042999267578125,0.06976318359375,0.00518798828125
369,1.0,0.047332763671875,0.70166015625,0.036895751953125,0.0292205810546875,0.15087890625,0.0135955810546875,0.020477294921875
370,1.0,0.018341064453125,0.353759765625,0.00861358642578125,0.04302978515625,0.09912109375,0.415771484375,0.06134033203125
371,1.0,0.125732421875,0.5576171875,0.034881591796875,0.0282135009765625,0.2440185546875,0.002613067626953125,0.006969451904296875
372,1.0,0.03009033203125,0.93798828125,0.0004119873046875,0.0006937980651855469,0.0297088623046875,0.0005993843078613281,0.0007143020629882812
373,1.0,0.004764556884765625,0.8447265625,0.035797119140625,0.0245513916015625,0.061676025390625,0.0186004638671875,0.00982666015625
374,1.0,0.02850341796875,0.77294921875,0.01554107666015625,0.0083770751953125,0.16162109375,0.007843017578125,0.005001068115234375
375,1.0,0.04766845703125,0.9306640625,0.004016876220703125,0.000591278076171875,0.00225067138671875,0.01302337646484375,0.0016946792602539062
376,1.0,0.1993408203125,0.79150390625,0.00021207332611083984,0.0003330707550048828,0.006679534912109375,0.0005831718444824219,0.0015821456909179688
377,1.0,0.08184814453125,0.408935546875,0.1629638671875,0.1558837890625,0.10516357421875,0.03009033203125,0.0550537109375
378,1.0,0.005443572998046875,0.923828125,0.005558013916015625,0.005157470703125,0.05352783203125,0.004535675048828125,0.0019044876098632812
379,1.0,0.01413726806640625,0.93994140625,0.001262664794921875,0.0007462501525878906,0.041748046875,0.0014734268188476562,0.0006346702575683594
380,1.0,0.099609375,0.37841796875,0.032501220703125,0.056365966796875,0.159423828125,0.091064453125,0.1827392578125
381,1.0,0.2822265625,0.454345703125,0.0276641845703125,0.015380859375,0.2020263671875,0.006256103515625,0.012115478515625
382,1.0,0.0784912109375,0.7646484375,0.0097198486328125,0.008087158203125,0.10003662109375,0.027618408203125,0.01129150390625
383,1.0,0.006259918212890625,0.984375,0.00017917156219482422,0.0004773139953613281,0.007343292236328125,0.0011396408081054688,0.00021076202392578125
384,1.0,0.2293701171875,0.71337890625,0.006732940673828125,0.0025234222412109375,0.01303863525390625,0.0278472900390625,0.006832122802734375
385,1.0,0.08837890625,0.16943359375,0.06134033203125,0.3544921875,0.10272216796875,0.0650634765625,0.158447265625
386,1.0,0.035797119140625,0.68408203125,0.022308349609375,0.0328369140625,0.124755859375,0.08447265625,0.0159454345703125
387,1.0,0.014190673828125,0.94677734375,0.0020160675048828125,0.0016794204711914062,0.034088134765625,0.0004622936248779297,0.0006089210510253906
388,1.0,0.163330078125,0.7265625,0.00458526611328125,0.00647735595703125,0.0657958984375,0.005733489990234375,0.0277557373046875
389,1.0,0.0014734268188476562,0.0665283203125,0.0011911392211914062,0.0006079673767089844,0.92919921875,0.0008487701416015625,0.0004010200500488281
390,1.0,0.0760498046875,0.7041015625,0.003086090087890625,0.00666046142578125,0.191162109375,0.0109710693359375,0.00823211669921875
391,1.0,0.0228729248046875,0.6953125,0.069580078125,0.01531219482421875,0.1685791015625,0.0219879150390625,0.00659942626953125
392,1.0,0.109375,0.5107421875,0.0118255615234375,0.0276031494140625,0.136962890625,0.1103515625,0.09326171875
393,1.0,0.2098388671875,0.5361328125,0.007015228271484375,0.0231170654296875,0.17919921875,0.02056884765625,0.0243072509765625
394,1.0,0.10443115234375,0.78955078125,0.00566864013671875,0.005615234375,0.006702423095703125,0.07781982421875,0.00998687744140625
395,1.0,0.1644287109375,0.348876953125,0.0009312629699707031,0.00047850608825683594,0.477783203125,0.003940582275390625,0.0036792755126953125
396,1.0,0.06243896484375,0.830078125,0.0008039474487304688,0.00144195556640625,0.0985107421875,0.005550384521484375,0.0013704299926757812
397,1.0,0.058746337890625,0.09600830078125,0.038421630859375,0.41650390625,0.241455078125,0.07080078125,0.07806396484375
398,1.0,0.036163330078125,0.82861328125,0.0272216796875,0.0101776123046875,0.08428955078125,0.004535675048828125,0.00899505615234375
399,1.0,0.0030059814453125,0.11700439453125,0.0236968994140625,0.09271240234375,0.1148681640625,0.3525390625,0.296142578125
400,1.0,0.0290069580078125,0.88671875,0.0066070556640625,0.00647735595703125,0.06732177734375,0.0016727447509765625,0.00203704833984375
401,1.0,0.0645751953125,0.40185546875,0.008453369140625,0.019134521484375,0.018096923828125,0.405029296875,0.082763671875
402,1.0,0.1800537109375,0.71484375,0.0082550048828125,0.062225341796875,0.026947021484375,0.001506805419921875,0.006298065185546875
403,1.0,0.0016145706176757812,0.8486328125,0.0034427642822265625,0.004886627197265625,0.1385498046875,0.0017442703247070312,0.0009484291076660156
404,1.0,0.05682373046875,0.76123046875,0.044921875,0.0171356201171875,0.01494598388671875,0.040496826171875,0.064208984375
405,1.0,0.096435546875,0.220458984375,0.160888671875,0.1474609375,0.0831298828125,0.1566162109375,0.135009765625
406,1.0,0.01062774658203125,0.76708984375,0.0127105712890625,0.01482391357421875,0.17236328125,0.00751495361328125,0.0148468017578125
407,1.0,0.05499267578125,0.8720703125,0.00569915771484375,0.0124969482421875,0.0167388916015625,0.0235443115234375,0.0145416259765625
408,1.0,0.1552734375,0.83740234375,0.000774383544921875,0.0002815723419189453,0.00281524658203125,0.002105712890625,0.0012531280517578125
409,1.0,0.054931640625,0.71923828125,0.049102783203125,0.043914794921875,0.058319091796875,0.0113677978515625,0.06317138671875
410,1.0,0.080322265625,0.372802734375,0.0206298828125,0.0068359375,0.40283203125,0.07940673828125,0.03729248046875
411,1.0,0.13623046875,0.58740234375,0.0006628036499023438,0.0003783702850341797,0.273681640625,0.0005917549133300781,0.0010929107666015625
412,1.0,0.049072265625,0.90771484375,0.0086517333984375,0.006336212158203125,0.01373291015625,0.004390716552734375,0.00989532470703125
413,1.0,0.05157470703125,0.307373046875,0.04534912109375,0.04559326171875,0.1226806640625,0.350341796875,0.07733154296875
414,1.0,0.0135650634765625,0.9716796875,0.0006623268127441406,0.0026264190673828125,0.00730133056640625,0.00267791748046875,0.0016813278198242188
415,1.0,0.003993988037109375,0.41357421875,0.0247955322265625,0.0013933181762695312,0.55419921875,0.0011043548583984375,0.0007429122924804688
416,1.0,0.057220458984375,0.8505859375,0.002643585205078125,0.005992889404296875,0.0728759765625,0.004863739013671875,0.00605010986328125
417,1.0,0.01541900634765625,0.0986328125,0.29931640625,0.47119140625,0.03094482421875,0.02081298828125,0.06378173828125
418,1.0,0.062744140625,0.40966796875,0.0158538818359375,0.005542755126953125,0.448974609375,0.018646240234375,0.038482666015625
419,1.0,0.04656982421875,0.27880859375,0.0037746429443359375,0.0020580291748046875,0.6533203125,0.006244659423828125,0.00945281982421875
420,1.0,0.037567138671875,0.6123046875,0.0304107666015625,0.01422882080078125,0.265380859375,0.0195770263671875,0.02069091796875
421,1.0,0.041046142578125,0.8486328125,0.041534423828125,0.006587982177734375,0.01537322998046875,0.030029296875,0.0170135498046875
422,1.0,0.02587890625,0.27685546875,0.05572509765625,0.09210205078125,0.46728515625,0.00991058349609375,0.072265625
423,1.0,0.034454345703125,0.75244140625,0.01319122314453125,0.02252197265625,0.0243377685546875,0.1214599609375,0.031494140625
424,1.0,0.138427734375,0.68408203125,0.0030345916748046875,0.0013227462768554688,0.170654296875,0.0004830360412597656,0.0020656585693359375
425,1.0,0.057159423828125,0.1710205078125,0.01293182373046875,0.0005593299865722656,0.75439453125,0.001739501953125,0.002323150634765625
426,1.0,0.005001068115234375,0.09716796875,0.173095703125,0.09722900390625,0.432861328125,0.1217041015625,0.0728759765625
427,1.0,0.08673095703125,0.87939453125,0.00020432472229003906,0.0006136894226074219,0.030975341796875,0.0001518726348876953,0.00212860107421875
428,1.0,0.032257080078125,0.5322265625,0.0301666259765625,0.011260986328125,0.310302734375,0.038482666015625,0.04510498046875
429,1.0,0.07879638671875,0.62451171875,0.058349609375,0.01029205322265625,0.21044921875,0.0082550048828125,0.00934600830078125
430,1.0,0.00597381591796875,0.250732421875,0.00017261505126953125,4.744529724121094e-05,0.74267578125,0.0003325939178466797,9.113550186157227e-05
431,1.0,0.1129150390625,0.7421875,0.0120391845703125,0.024993896484375,0.0208892822265625,0.01108551025390625,0.07568359375
432,1.0,0.0095977783203125,0.51220703125,0.00687408447265625,0.0122528076171875,0.45458984375,0.0016460418701171875,0.0029163360595703125
433,1.0,0.055145263671875,0.5703125,0.041839599609375,0.1275634765625,0.1102294921875,0.04180908203125,0.053253173828125
434,1.0,0.02252197265625,0.331298828125,0.02252197265625,0.033721923828125,0.32373046875,0.2349853515625,0.0313720703125
435,1.0,0.0290985107421875,0.712890625,0.1590576171875,0.0174713134765625,0.006771087646484375,0.04364013671875,0.031219482421875
436,1.0,0.184814453125,0.66552734375,0.01346588134765625,0.006931304931640625,0.08905029296875,0.0218048095703125,0.0186004638671875
437,1.0,0.0411376953125,0.468017578125,0.0013456344604492188,0.00406646728515625,0.44482421875,0.032196044921875,0.0082244873046875
438,1.0,0.00992584228515625,0.51513671875,0.0855712890625,0.121337890625,0.0152435302734375,0.1844482421875,0.06842041015625
439,1.0,0.07391357421875,0.669921875,0.032135009765625,0.0218353271484375,0.04864501953125,0.1041259765625,0.049346923828125
440,1.0,0.01389312744140625,0.59765625,0.1610107421875,0.0360107421875,0.01629638671875,0.08441162109375,0.090576171875
441,1.0,0.0030460357666015625,0.8349609375,0.07928466796875,0.01439666748046875,0.00457000732421875,0.050811767578125,0.01313018798828125
442,1.0,0.04864501953125,0.304443359375,0.050048828125,0.016357421875,0.2861328125,0.1910400390625,0.10333251953125
443,1.0,0.034088134765625,0.1351318359375,0.0095062255859375,0.0072784423828125,0.06512451171875,0.693359375,0.055694580078125
444,1.0,0.04034423828125,0.93798828125,0.0015411376953125,0.0012655258178710938,0.0169830322265625,0.00066375732421875,0.0012340545654296875
445,1.0,0.275146484375,0.41357421875,0.1240234375,0.0162353515625,0.027191162109375,0.07916259765625,0.0645751953125
446,1.0,0.20703125,0.50146484375,0.00232696533203125,0.0028514862060546875,0.2705078125,0.0019445419311523438,0.0135040283203125
447,1.0,0.123046875,0.55419921875,0.01247406005859375,0.038909912109375,0.211181640625,0.029449462890625,0.03076171875
448,1.0,0.017822265625,0.96728515625,0.00010073184967041016,0.00021314620971679688,0.01416778564453125,0.00013685226440429688,0.0003712177276611328
449,1.0,0.00891876220703125,0.880859375,0.0240020751953125,0.00815582275390625,0.0650634765625,0.00897216796875,0.004192352294921875
450,1.0,0.0802001953125,0.23828125,0.10064697265625,0.22412109375,0.1561279296875,0.043853759765625,0.15673828125
451,1.0,0.0751953125,0.70263671875,0.01255035400390625,0.0506591796875,0.09417724609375,0.0184783935546875,0.0460205078125
452,1.0,0.0933837890625,0.62158203125,0.0802001953125,0.0416259765625,0.0758056640625,0.022430419921875,0.06475830078125
453,1.0,0.146240234375,0.59130859375,0.003276824951171875,0.01163482666015625,0.18505859375,0.0126190185546875,0.04998779296875
454,1.0,0.036529541015625,0.36767578125,0.0270538330078125,0.1064453125,0.387939453125,0.051727294921875,0.0225830078125
455,1.0,0.031951904296875,0.84326171875,0.043853759765625,0.034332275390625,0.01363372802734375,0.01042938232421875,0.0225067138671875
456,1.0,0.082763671875,0.26123046875,0.058990478515625,0.12493896484375,0.1883544921875,0.156005859375,0.1279296875
457,1.0,0.181640625,0.45947265625,0.033935546875,0.006988525390625,0.305419921875,0.00177764892578125,0.01071929931640625
458,1.0,0.026275634765625,0.8505859375,0.003326416015625,0.004360198974609375,0.10430908203125,0.00838470458984375,0.0027313232421875
459,1.0,0.020782470703125,0.3837890625,0.0203704833984375,0.247802734375,0.19873046875,0.018157958984375,0.1104736328125
460,1.0,0.01374053955078125,0.5869140625,0.00911712646484375,0.007205963134765625,0.30078125,0.06805419921875,0.01395416259765625
461,1.0,0.00983428955078125,0.404296875,0.046661376953125,0.053070068359375,0.385498046875,0.0775146484375,0.0230865478515625
462,1.0,0.00930023193359375,0.037994384765625,0.005008697509765625,0.02032470703125,0.0267486572265625,0.281982421875,0.61865234375
463,1.0,0.08441162109375,0.59033203125,0.06817626953125,0.09765625,0.0198516845703125,0.0262451171875,0.11309814453125
464,1.0,0.022674560546875,0.57666015625,0.034820556640625,0.048583984375,0.274658203125,0.0323486328125,0.0103302001953125
465,1.0,0.02154541015625,0.90869140625,0.01873779296875,0.0011110305786132812,0.0379638671875,0.006336212158203125,0.005580902099609375
466,1.0,0.02349853515625,0.3994140625,0.07830810546875,0.03448486328125,0.3388671875,0.033538818359375,0.09173583984375
467,1.0,0.03570556640625,0.8798828125,0.005092620849609375,0.017364501953125,0.0166778564453125,0.024688720703125,0.0204925537109375
468,1.0,0.0159912109375,0.245361328125,0.32275390625,0.205322265625,0.0159912109375,0.144775390625,0.0498046875
469,1.0,0.054290771484375,0.84814453125,0.006969451904296875,0.01250457763671875,0.06207275390625,0.004901885986328125,0.01102447509765625
470,1.0,0.016632080078125,0.190673828125,0.1783447265625,0.1435546875,0.07867431640625,0.27978515625,0.112548828125
471,1.0,0.0043792724609375,0.428955078125,0.0010242462158203125,0.0012454986572265625,0.56396484375,0.00041794776916503906,0.00021898746490478516
472,1.0,0.10406494140625,0.226806640625,0.0718994140625,0.0819091796875,0.493408203125,0.00655364990234375,0.0154876708984375
473,1.0,0.0171051025390625,0.94677734375,0.0016870498657226562,0.0084228515625,0.0152740478515625,0.007625579833984375,0.0028896331787109375
474,1.0,0.10791015625,0.5126953125,0.041168212890625,0.0665283203125,0.16015625,0.045928955078125,0.0654296875
475,1.0,0.01210784912109375,0.95263671875,0.0005588531494140625,0.0007257461547851562,0.031341552734375,0.0010881423950195312,0.0013179779052734375
476,1.0,0.038543701171875,0.315185546875,0.360595703125,0.07122802734375,0.1220703125,0.074462890625,0.01776123046875
477,1.0,0.0675048828125,0.345458984375,0.0379638671875,0.01520538330078125,0.47216796875,0.030120849609375,0.0316162109375
478,1.0,0.00539398193359375,0.66064453125,0.005443572998046875,0.005573272705078125,0.317626953125,0.0031642913818359375,0.0018453598022460938
479,1.0,0.1400146484375,0.46728515625,0.1552734375,0.06414794921875,0.0220489501953125,0.05267333984375,0.0985107421875
480,1.0,0.2498779296875,0.662109375,0.004169464111328125,0.006671905517578125,0.06219482421875,0.002742767333984375,0.0123138427734375
481,1.0,0.1785888671875,0.51171875,0.037017822265625,0.033355712890625,0.22119140625,0.005298614501953125,0.01296234130859375
482,1.0,0.0716552734375,0.52880859375,0.056304931640625,0.06451416015625,0.10699462890625,0.1328125,0.03887939453125
483,1.0,0.06488037109375,0.74560546875,0.0028285980224609375,0.0122528076171875,0.084716796875,0.07958984375,0.01032257080078125
484,1.0,0.035888671875,0.25439453125,0.2078857421875,0.2176513671875,0.05401611328125,0.045654296875,0.1845703125
485,1.0,0.06781005859375,0.8388671875,0.0245819091796875,0.0136566162109375,0.024169921875,0.01184844970703125,0.0189666748046875
486,1.0,0.200927734375,0.67919921875,0.0078277587890625,0.006195068359375,0.06744384765625,0.0029087066650390625,0.0355224609375
487,1.0,0.11102294921875,0.1549072265625,0.006404876708984375,0.0006461143493652344,0.63525390625,0.04803466796875,0.043731689453125
488,1.0,0.201416015625,0.1326904296875,0.00472259521484375,0.031951904296875,0.6005859375,0.008392333984375,0.0200042724609375
489,1.0,0.0105743408203125,0.57275390625,0.07745361328125,0.303466796875,0.0160064697265625,0.0033588409423828125,0.01641845703125
490,1.0,0.54345703125,0.406005859375,0.0089263916015625,0.005634307861328125,0.00943756103515625,0.0076751708984375,0.019012451171875
491,1.0,0.044921875,0.51806640625,0.3056640625,0.00287628173828125,0.00646209716796875,0.1029052734375,0.019317626953125
492,1.0,0.1217041015625,0.307861328125,0.0109100341796875,0.0494384765625,0.0657958984375,0.0523681640625,0.391845703125
493,1.0,0.002178192138671875,0.1591796875,0.314453125,0.45068359375,0.052947998046875,0.0045318603515625,0.016021728515625
494,1.0,0.1005859375,0.476318359375,0.1754150390625,0.03363037109375,0.0919189453125,0.072265625,0.04986572265625
495,1.0,0.02642822265625,0.192626953125,0.0004911422729492188,0.0002014636993408203,0.77978515625,6.628036499023438e-05,0.0001666545867919922
496,1.0,0.1190185546875,0.206787109375,0.2281494140625,0.07379150390625,0.2010498046875,0.1416015625,0.0295257568359375
497,1.0,0.0693359375,0.433349609375,0.08380126953125,0.07183837890625,0.2568359375,0.02447509765625,0.06024169921875
498,1.0,0.232177734375,0.457275390625,0.03497314453125,0.0131072998046875,0.1942138671875,0.04827880859375,0.0201263427734375
499,1.0,0.027069091796875,0.342529296875,0.108154296875,0.00951385498046875,0.391357421875,0.0888671875,0.032562255859375
500,1.0,0.04736328125,0.400390625,0.07373046875,0.00495147705078125,0.468017578125,0.0021038055419921875,0.0035800933837890625
501,1.0,0.220947265625,0.324462890625,0.07269287109375,0.035430908203125,0.192626953125,0.040863037109375,0.1129150390625
502,1.0,0.023345947265625,0.9140625,0.00611114501953125,0.01399993896484375,0.0289154052734375,0.0124969482421875,0.00098419189453125
503,1.0,0.01499176025390625,0.72412109375,0.01012420654296875,0.00519561767578125,0.2196044921875,0.0211639404296875,0.0047149658203125
504,1.0,0.05706787109375,0.64306640625,0.00787353515625,0.0091552734375,0.26708984375,0.0080108642578125,0.007526397705078125
505,1.0,0.232421875,0.56689453125,0.11676025390625,0.0017347335815429688,0.049530029296875,0.020843505859375,0.01190185546875
506,1.0,0.1390380859375,0.78955078125,0.000705718994140625,0.0020351409912109375,0.064208984375,0.0005173683166503906,0.00408172607421875
507,1.0,0.06353759765625,0.8046875,0.01016998291015625,0.020599365234375,0.045745849609375,0.0323486328125,0.02288818359375
508,1.0,0.04571533203125,0.619140625,0.006099700927734375,0.0054779052734375,0.30419921875,0.01068878173828125,0.0085296630859375
509,1.0,0.01605224609375,0.80859375,0.01430511474609375,0.0018472671508789062,0.1519775390625,0.006069183349609375,0.0009579658508300781
510,1.0,0.96875,0.026641845703125,0.000492095947265625,6.204843521118164e-05,0.002780914306640625,0.0003807544708251953,0.0007982254028320312
511,1.0,0.07806396484375,0.55859375,0.0022640228271484375,0.001453399658203125,0.353759765625,0.0026874542236328125,0.003337860107421875
512,1.0,0.01059722900390625,0.966796875,0.0003783702850341797,0.0010633468627929688,0.020538330078125,0.0004067420959472656,0.0003275871276855469
513,1.0,0.666015625,0.240234375,0.030426025390625,0.01149749755859375,0.0450439453125,0.002685546875,0.004039764404296875
514,1.0,0.00685882568359375,0.52392578125,0.0251007080078125,0.00901031494140625,0.01200103759765625,0.41943359375,0.0036640167236328125
515,1.0,0.357421875,0.529296875,0.00301361083984375,0.0156402587890625,0.06689453125,0.0033359527587890625,0.0244903564453125
516,1.0,0.055328369140625,0.7080078125,0.0205535888671875,0.0224151611328125,0.1463623046875,0.0231781005859375,0.0243682861328125
517,1.0,0.129150390625,0.317138671875,0.0016880035400390625,0.0020847320556640625,0.548828125,0.0004813671112060547,0.0006604194641113281
518,1.0,0.050323486328125,0.476318359375,0.06439208984375,0.00530242919921875,0.00809478759765625,0.2100830078125,0.1854248046875
519,1.0,0.037109375,0.0660400390625,0.0021514892578125,0.0003743171691894531,0.88623046875,0.00084686279296875,0.007305145263671875
520,1.0,0.01148223876953125,0.98046875,4.5299530029296875e-06,1.436471939086914e-05,0.00804901123046875,4.082918167114258e-05,2.6702880859375e-05
521,1.0,0.0487060546875,0.83984375,0.0124664306640625,0.032806396484375,0.0158233642578125,0.0218048095703125,0.02874755859375
522,1.0,0.0230560302734375,0.705078125,0.01345062255859375,0.0181732177734375,0.13232421875,0.0267486572265625,0.0814208984375
523,1.0,0.072998046875,0.204345703125,0.0010204315185546875,0.0011129379272460938,0.71875,0.0008902549743652344,0.0010890960693359375
524,1.0,0.04949951171875,0.68115234375,0.2275390625,0.0162506103515625,0.007049560546875,0.0108642578125,0.00739288330078125
525,1.0,0.396728515625,0.2489013671875,0.01678466796875,0.05706787109375,0.1961669921875,0.0153350830078125,0.06915283203125
526,1.0,0.278564453125,0.69091796875,0.005855560302734375,0.00250244140625,0.01042938232421875,0.0024623870849609375,0.00921630859375
527,1.0,0.042083740234375,0.70947265625,0.0126495361328125,0.0078582763671875,0.1595458984375,0.041259765625,0.0269012451171875
528,1.0,0.024932861328125,0.90576171875,0.0213775634765625,0.0177459716796875,0.00826263427734375,0.015350341796875,0.00647735595703125
529,1.0,0.0870361328125,0.6708984375,0.0004107952117919922,0.0005850791931152344,0.235595703125,0.003093719482421875,0.0021762847900390625
530,1.0,0.01708984375,0.308837890625,0.03656005859375,0.08880615234375,0.11114501953125,0.156982421875,0.280517578125
531,1.0,0.036224365234375,0.438720703125,0.02301025390625,0.0062713623046875,0.48095703125,0.00817108154296875,0.0065155029296875
532,1.0,0.03778076171875,0.9052734375,0.01299285888671875,0.004756927490234375,0.02777099609375,0.0071258544921875,0.004138946533203125
533,1.0,0.059295654296875,0.234375,0.057769775390625,0.13623046875,0.443603515625,0.03143310546875,0.037353515625
534,1.0,0.0188446044921875,0.1143798828125,0.55322265625,0.1434326171875,0.055908203125,0.05718994140625,0.056915283203125
535,1.0,0.5390625,0.332763671875,0.06256103515625,0.00348663330078125,0.015655517578125,0.03009033203125,0.016448974609375
536,1.0,0.006938934326171875,0.21435546875,0.042449951171875,0.322509765625,0.403564453125,0.004634857177734375,0.00559234619140625
537,1.0,0.00626373291015625,0.34765625,0.27978515625,0.14404296875,0.1658935546875,0.004756927490234375,0.051605224609375
538,1.0,0.05291748046875,0.43798828125,0.00714111328125,0.00806427001953125,0.458984375,0.027984619140625,0.00714111328125
539,1.0,0.028106689453125,0.89208984375,0.0117034912109375,0.0019435882568359375,0.053619384765625,0.00988006591796875,0.0026111602783203125
540,1.0,0.01435089111328125,0.572265625,0.132080078125,0.1309814453125,0.06890869140625,0.066162109375,0.01514434814453125
541,1.0,0.166748046875,0.6396484375,0.0026721954345703125,0.00911712646484375,0.1505126953125,0.009307861328125,0.021942138671875
542,1.0,0.11273193359375,0.5283203125,0.0206756591796875,0.0650634765625,0.1822509765625,0.047607421875,0.043426513671875
543,1.0,0.01605224609375,0.9501953125,0.00397491455078125,0.0052337646484375,0.0218963623046875,0.001384735107421875,0.0010957717895507812
544,1.0,0.044830322265625,0.8193359375,0.061920166015625,0.016754150390625,0.033966064453125,0.00739288330078125,0.0157623291015625
545,1.0,0.00982666015625,0.8203125,0.050140380859375,0.0552978515625,0.03631591796875,0.0225677490234375,0.00530242919921875
546,1.0,0.1820068359375,0.1439208984375,0.0005021095275878906,0.007335662841796875,0.66552734375,0.00012373924255371094,0.0006299018859863281
547,1.0,0.1712646484375,0.6650390625,0.10540771484375,0.0168914794921875,0.01132965087890625,0.00661468505859375,0.023712158203125
548,1.0,0.01016998291015625,0.86572265625,0.040191650390625,0.012603759765625,0.0196685791015625,0.03204345703125,0.0196075439453125
549,1.0,0.301513671875,0.405029296875,0.015533447265625,0.0556640625,0.1807861328125,0.006061553955078125,0.03533935546875
550,1.0,0.0523681640625,0.70458984375,0.0325927734375,0.052703857421875,0.0185546875,0.0687255859375,0.07061767578125
551,1.0,0.01058197021484375,0.04522705078125,0.346923828125,0.394775390625,0.0160064697265625,0.086181640625,0.10028076171875
552,1.0,0.055816650390625,0.51904296875,0.1910400390625,0.06512451171875,0.0811767578125,0.055938720703125,0.031646728515625
553,1.0,0.0267181396484375,0.3896484375,0.055877685546875,0.045166015625,0.05792236328125,0.2462158203125,0.1785888671875
554,1.0,0.0244903564453125,0.953125,0.0013437271118164062,0.0086822509765625,0.00768280029296875,0.0016622543334960938,0.0028438568115234375
555,1.0,0.049072265625,0.54052734375,0.0169677734375,0.005504608154296875,0.3671875,0.01015472412109375,0.0106964111328125
556,1.0,0.09832763671875,0.475341796875,0.056488037109375,0.043609619140625,0.16796875,0.035919189453125,0.1221923828125
557,1.0,0.019561767578125,0.77197265625,0.058319091796875,0.00698089599609375,0.12939453125,0.009124755859375,0.0045013427734375
558,1.0,0.38232421875,0.59912109375,0.0005941390991210938,0.0005793571472167969,0.01534271240234375,0.0001596212387084961,0.00213623046875
559,1.0,0.027099609375,0.237060546875,0.05963134765625,0.328369140625,0.20751953125,0.058990478515625,0.081298828125
560,1.0,0.060791015625,0.312255859375,0.007724761962890625,0.239990234375,0.017730712890625,0.2802734375,0.0811767578125
561,1.0,0.1094970703125,0.52392578125,0.012298583984375,0.003635406494140625,0.345458984375,0.002960205078125,0.002178192138671875
562,1.0,0.0531005859375,0.3017578125,0.00426483154296875,0.0007166862487792969,0.60400390625,0.029296875,0.006908416748046875
563,1.0,0.016754150390625,0.223876953125,0.38671875,0.0999755859375,0.1842041015625,0.0235137939453125,0.06500244140625
564,1.0,0.03448486328125,0.52197265625,0.01061248779296875,0.018524169921875,0.295166015625,0.07781982421875,0.04150390625
565,1.0,0.031707763671875,0.447265625,0.07611083984375,0.0987548828125,0.29248046875,0.0330810546875,0.0204620361328125
566,1.0,0.0275115966796875,0.8603515625,0.0290069580078125,0.016387939453125,0.03485107421875,0.01384735107421875,0.0181121826171875
567,1.0,0.0626220703125,0.63623046875,0.0008068084716796875,0.0007729530334472656,0.298095703125,0.0007991790771484375,0.0008540153503417969
568,1.0,0.0736083984375,0.6982421875,0.0103607177734375,0.02001953125,0.0745849609375,0.093994140625,0.029052734375
569,1.0,0.0174560546875,0.059417724609375,0.207763671875,0.548828125,0.025238037109375,0.0281524658203125,0.1129150390625
570,1.0,0.043548583984375,0.34716796875,9.179115295410156e-05,3.522634506225586e-05,0.60693359375,0.0013332366943359375,0.0008172988891601562
571,1.0,0.01690673828125,0.7998046875,0.04144287109375,0.01195526123046875,0.07769775390625,0.044219970703125,0.00792694091796875
572,1.0,0.255126953125,0.31689453125,0.07110595703125,0.071044921875,0.227294921875,0.045166015625,0.01345062255859375
573,1.0,0.0736083984375,0.356201171875,0.026275634765625,0.0105438232421875,0.0430908203125,0.43603515625,0.054443359375
574,1.0,0.060455322265625,0.7314453125,0.007213592529296875,0.0031223297119140625,0.178955078125,0.01218414306640625,0.006412506103515625
575,1.0,0.04119873046875,0.2315673828125,0.004199981689453125,0.0008187294006347656,0.7158203125,0.0028285980224609375,0.00347137451171875
576,1.0,0.046234130859375,0.8955078125,0.006473541259765625,0.00428009033203125,0.0264434814453125,0.01013946533203125,0.0111236572265625
577,1.0,0.19677734375,0.744140625,0.0142059326171875,0.00342559814453125,0.005321502685546875,0.0194854736328125,0.0169219970703125
578,1.0,0.07745361328125,0.83740234375,0.0017900466918945312,0.004825592041015625,0.0693359375,0.0042266845703125,0.004840850830078125
579,1.0,0.07818603515625,0.44091796875,0.014190673828125,0.01049041748046875,0.323486328125,0.07049560546875,0.0621337890625
580,1.0,0.269287109375,0.2176513671875,0.187255859375,0.00298309326171875,0.002468109130859375,0.197509765625,0.1229248046875
581,1.0,0.0267486572265625,0.90380859375,0.0249176025390625,0.00623321533203125,0.0274505615234375,0.004619598388671875,0.006145477294921875
582,1.0,0.0117340087890625,0.8603515625,0.069091796875,0.00959014892578125,0.0253753662109375,0.0139617919921875,0.01000213623046875
583,1.0,0.0157623291015625,0.062164306640625,0.0035114288330078125,0.046478271484375,0.8701171875,0.0003426074981689453,0.001590728759765625
584,1.0,0.20751953125,0.5556640625,0.031585693359375,0.01340484619140625,0.11395263671875,0.04620361328125,0.03155517578125
585,1.0,0.09014892578125,0.69384765625,0.00463104248046875,0.00876617431640625,0.170166015625,0.01287078857421875,0.01947021484375
586,1.0,0.01776123046875,0.91796875,0.0014019012451171875,0.0024280548095703125,0.052154541015625,0.006809234619140625,0.00131988525390625
587,1.0,0.060699462890625,0.7001953125,0.007007598876953125,0.01299285888671875,0.1358642578125,0.0302734375,0.052764892578125
588,1.0,0.52783203125,0.2406005859375,0.07208251953125,0.0089874267578125,0.1307373046875,0.0029926300048828125,0.0170135498046875
589,1.0,0.0087127685546875,0.57861328125,0.004146575927734375,0.0050506591796875,0.400146484375,0.002330780029296875,0.0007343292236328125
590,1.0,0.0266571044921875,0.826171875,0.003383636474609375,0.0040130615234375,0.1171875,0.016387939453125,0.0060272216796875
591,1.0,0.033050537109375,0.82373046875,0.0020294189453125,0.00030231475830078125,0.1387939453125,0.0012197494506835938,0.00080108642578125
592,1.0,0.08612060546875,0.53662109375,0.00841522216796875,0.004550933837890625,0.346435546875,0.01247406005859375,0.005512237548828125
593,1.0,0.0194244384765625,0.61669921875,0.128173828125,0.008026123046875,0.0343017578125,0.173095703125,0.0203857421875
594,1.0,0.00879669189453125,0.5029296875,0.01120758056640625,0.01433563232421875,0.0230865478515625,0.415283203125,0.0243072509765625
595,1.0,0.040374755859375,0.89208984375,0.009979248046875,0.009124755859375,0.037872314453125,0.00506591796875,0.005733489990234375
596,1.0,0.327392578125,0.5078125,0.00475311279296875,0.0268096923828125,0.11322021484375,0.0054168701171875,0.0145111083984375
597,1.0,0.01123046875,0.85302734375,0.07177734375,0.016387939453125,0.0183258056640625,0.006542205810546875,0.0228729248046875
598,1.0,0.046600341796875,0.70556640625,0.128173828125,0.048675537109375,0.04205322265625,0.004268646240234375,0.0245819091796875
599,1.0,0.0197601318359375,0.1890869140625,0.035125732421875,0.11474609375,0.0258026123046875,0.032257080078125,0.5830078125
600,1.0,0.160400390625,0.76611328125,0.0054931640625,0.0083465576171875,0.041015625,0.0033969879150390625,0.01538848876953125
601,1.0,0.01068115234375,0.576171875,0.0119781494140625,0.022247314453125,0.274658203125,0.07977294921875,0.024566650390625
602,1.0,0.1741943359375,0.6337890625,0.00012862682342529297,0.00026154518127441406,0.1905517578125,0.00022935867309570312,0.0009851455688476562
603,1.0,0.03118896484375,0.73486328125,0.038848876953125,0.0127410888671875,0.041717529296875,0.08978271484375,0.050750732421875
604,1.0,0.036590576171875,0.9072265625,0.0014810562133789062,0.0032558441162109375,0.04443359375,0.003711700439453125,0.003177642822265625
605,1.0,0.0203857421875,0.953125,0.001018524169921875,0.0028324127197265625,0.01171875,0.00910186767578125,0.0018434524536132812
606,1.0,0.0297088623046875,0.71533203125,0.001476287841796875,0.0005369186401367188,0.250244140625,0.0015287399291992188,0.0010347366333007812
607,1.0,0.27490234375,0.263916015625,0.046783447265625,0.229248046875,0.0225067138671875,0.072021484375,0.0904541015625
608,1.0,0.0697021484375,0.486572265625,0.0016908645629882812,0.0027790069580078125,0.43017578125,0.0055389404296875,0.00345611572265625
609,1.0,0.11639404296875,0.79833984375,0.00722503662109375,0.01312255859375,0.0305938720703125,0.02154541015625,0.01253509521484375
610,1.0,0.00556182861328125,0.1854248046875,0.00024366378784179688,0.00013959407806396484,0.80859375,6.490945816040039e-05,5.543231964111328e-05
611,1.0,0.006259918212890625,0.77197265625,0.08026123046875,0.0396728515625,0.0606689453125,0.024688720703125,0.0165252685546875
612,1.0,0.04156494140625,0.7490234375,0.06121826171875,0.05517578125,0.0662841796875,0.005268096923828125,0.0216522216796875
613,1.0,0.11590576171875,0.50390625,0.0204620361328125,0.0247802734375,0.1119384765625,0.14794921875,0.07501220703125
614,1.0,0.15185546875,0.7421875,0.037750244140625,0.0057220458984375,0.05718994140625,0.0025348663330078125,0.0026569366455078125
615,1.0,0.028289794921875,0.822265625,0.01096343994140625,0.006984710693359375,0.117919921875,0.007720947265625,0.0058135986328125
616,1.0,0.007747650146484375,0.15087890625,0.0009484291076660156,0.0002276897430419922,0.83984375,0.00028777122497558594,9.79304313659668e-05
617,1.0,0.2578125,0.50390625,0.0029506683349609375,0.0031681060791015625,0.2244873046875,0.0027599334716796875,0.00489044189453125
618,1.0,0.31494140625,0.5146484375,0.0102081298828125,0.0185394287109375,0.047576904296875,0.042083740234375,0.05181884765625
619,1.0,0.13232421875,0.83642578125,0.0028839111328125,0.003803253173828125,0.0184783935546875,0.0015592575073242188,0.004398345947265625
620,1.0,0.01061248779296875,0.84423828125,0.0012445449829101562,0.00719451904296875,0.060333251953125,0.0662841796875,0.0102691650390625
621,1.0,0.056243896484375,0.595703125,0.0035915374755859375,0.0014562606811523438,0.33740234375,0.0023174285888671875,0.003147125244140625
622,1.0,0.75,0.150634765625,0.008026123046875,0.004756927490234375,0.004291534423828125,0.0195465087890625,0.0625
623,1.0,0.042938232421875,0.7548828125,0.007732391357421875,0.006671905517578125,0.1436767578125,0.034881591796875,0.0092926025390625
624,1.0,0.091552734375,0.5673828125,0.014984130859375,0.001995086669921875,0.31591796875,0.0028743743896484375,0.005290985107421875
625,1.0,0.07452392578125,0.431884765625,0.00876617431640625,0.00304412841796875,0.47265625,0.0034999847412109375,0.005641937255859375
626,1.0,0.026031494140625,0.9169921875,0.004123687744140625,0.0060272216796875,0.03497314453125,0.0081939697265625,0.0038204193115234375
627,1.0,0.0595703125,0.4228515625,0.091796875,0.023590087890625,0.140380859375,0.07403564453125,0.1876220703125
628,1.0,0.023681640625,0.261474609375,0.0259246826171875,0.2489013671875,0.0928955078125,0.043060302734375,0.30419921875
629,1.0,0.463134765625,0.455078125,0.0262298583984375,0.014434814453125,0.031646728515625,0.0038299560546875,0.005825042724609375
630,1.0,0.505859375,0.410400390625,0.005916595458984375,0.005275726318359375,0.04144287109375,0.008880615234375,0.022186279296875
631,1.0,0.04022216796875,0.76708984375,0.0145416259765625,0.0093994140625,0.154541015625,0.003963470458984375,0.01029205322265625
632,1.0,0.052947998046875,0.650390625,0.03753662109375,0.018951416015625,0.211181640625,0.01142120361328125,0.017486572265625
633,1.0,0.03948974609375,0.293701171875,0.353759765625,0.09490966796875,0.0836181640625,0.08245849609375,0.05218505859375
634,1.0,0.07891845703125,0.2081298828125,0.050018310546875,0.438232421875,0.07080078125,0.049530029296875,0.10430908203125
635,1.0,0.018951416015625,0.76220703125,0.044586181640625,0.0094451904296875,0.154541015625,0.0033111572265625,0.0066986083984375
636,1.0,0.030609130859375,0.1741943359375,0.060333251953125,0.1591796875,0.27294921875,0.0391845703125,0.263427734375
637,1.0,0.07379150390625,0.5654296875,0.0027866363525390625,0.003025054931640625,0.338134765625,0.0053863525390625,0.011474609375
638,1.0,0.1658935546875,0.72412109375,0.0191497802734375,0.008544921875,0.0347900390625,0.01279449462890625,0.0347900390625
639,1.0,0.032623291015625,0.4619140625,0.01132965087890625,0.012664794921875,0.394775390625,0.05426025390625,0.032470703125
640,1.0,0.01824951171875,0.93701171875,0.019744873046875,0.0020847320556640625,0.0193023681640625,0.002010345458984375,0.0018224716186523438
641,1.0,0.09027099609375,0.38427734375,0.07904052734375,0.1998291015625,0.18798828125,0.0221405029296875,0.03631591796875
642,1.0,0.0938720703125,0.69384765625,0.07098388671875,0.0082550048828125,0.080322265625,0.0274505615234375,0.0252532958984375
643,1.0,0.0277862548828125,0.445068359375,0.09149169921875,0.035888671875,0.02239990234375,0.344970703125,0.0325927734375
644,1.0,0.11077880859375,0.28466796875,0.0171051025390625,0.035125732421875,0.06683349609375,0.1873779296875,0.298095703125
645,1.0,0.362060546875,0.25634765625,0.0233306884765625,0.03826904296875,0.119873046875,0.0190277099609375,0.18115234375
646,1.0,0.050994873046875,0.8515625,0.0262298583984375,0.0139617919921875,0.04425048828125,0.0074462890625,0.005641937255859375
647,1.0,0.091796875,0.6943359375,0.00414276123046875,0.002620697021484375,0.198974609375,0.0015611648559570312,0.006366729736328125
648,1.0,0.059814453125,0.251708984375,0.435546875,0.1051025390625,0.046478271484375,0.07403564453125,0.0274810791015625
649,1.0,0.014434814453125,0.2705078125,0.1484375,0.300537109375,0.2169189453125,0.01934814453125,0.0297088623046875
650,1.0,0.0200653076171875,0.888671875,0.029083251953125,0.00928497314453125,0.021392822265625,0.0036106109619140625,0.027740478515625
651,1.0,0.00772857666015625,0.474365234375,0.025665283203125,0.08331298828125,0.11187744140625,0.249755859375,0.047149658203125
652,1.0,0.12030029296875,0.654296875,0.0225067138671875,0.01068115234375,0.154052734375,0.004558563232421875,0.0335693359375
653,1.0,0.06561279296875,0.325927734375,0.0006871223449707031,0.0002149343490600586,0.60693359375,0.0004258155822753906,0.0002837181091308594
654,1.0,0.09814453125,0.1292724609375,0.08868408203125,0.30712890625,0.1470947265625,0.09991455078125,0.1298828125
655,1.0,0.10400390625,0.70947265625,0.05999755859375,0.032928466796875,0.051971435546875,0.0124359130859375,0.0291290283203125
656,1.0,0.07684326171875,0.373779296875,0.048736572265625,0.224365234375,0.1627197265625,0.048126220703125,0.06549072265625
657,1.0,0.020538330078125,0.379638671875,0.09527587890625,0.143798828125,0.2100830078125,0.083740234375,0.06707763671875
658,1.0,0.040313720703125,0.3642578125,0.01354217529296875,0.0419921875,0.08587646484375,0.3427734375,0.11126708984375
659,1.0,0.0867919921875,0.64501953125,0.1636962890625,0.01401519775390625,0.0229339599609375,0.043975830078125,0.023529052734375
660,1.0,0.0147705078125,0.6337890625,0.09124755859375,0.0237884521484375,0.2164306640625,0.01690673828125,0.00335693359375
661,1.0,0.08416748046875,0.65869140625,0.01308441162109375,0.030181884765625,0.195556640625,0.00830841064453125,0.00986480712890625
662,1.0,0.017181396484375,0.95068359375,0.0067901611328125,0.0059356689453125,0.010101318359375,0.003902435302734375,0.005634307861328125
663,1.0,0.049407958984375,0.5068359375,0.007617950439453125,0.0098419189453125,0.417724609375,0.0042572021484375,0.004558563232421875
664,1.0,0.20703125,0.7314453125,0.00482940673828125,0.003047943115234375,0.0169525146484375,0.0292816162109375,0.00746917724609375
665,1.0,0.00853729248046875,0.88037109375,0.03277587890625,0.0211181640625,0.053924560546875,0.002178192138671875,0.0010089874267578125
666,1.0,0.0455322265625,0.460205078125,0.062744140625,0.10845947265625,0.271728515625,0.0107269287109375,0.040740966796875
667,1.0,0.70556640625,0.274658203125,0.006023406982421875,0.0004725456237792969,0.005718231201171875,0.0006704330444335938,0.006923675537109375
668,1.0,0.03643798828125,0.35400390625,0.1148681640625,0.309326171875,0.0273284912109375,0.028839111328125,0.1290283203125
669,1.0,0.041412353515625,0.91357421875,0.0012359619140625,0.0014276504516601562,0.0095672607421875,0.0276336669921875,0.005222320556640625
670,1.0,0.08642578125,0.37646484375,0.049041748046875,0.007442474365234375,0.1656494140625,0.258544921875,0.056365966796875
671,1.0,0.036346435546875,0.57470703125,0.03009033203125,0.0081634521484375,0.264892578125,0.05511474609375,0.0304412841796875
672,1.0,0.018890380859375,0.94189453125,0.0019931793212890625,0.00255584716796875,0.0310821533203125,0.002288818359375,0.0012645721435546875
673,1.0,0.039825439453125,0.3740234375,0.0703125,0.042572021484375,0.1494140625,0.25537109375,0.0684814453125
674,1.0,0.336669921875,0.53173828125,0.0072174072265625,0.0028629302978515625,0.1138916015625,0.003200531005859375,0.004184722900390625
675,1.0,0.032684326171875,0.1531982421875,0.07135009765625,0.1427001953125,0.5341796875,0.0399169921875,0.0260772705078125
676,1.0,0.048492431640625,0.77734375,0.0029926300048828125,0.0018100738525390625,0.165771484375,0.0018205642700195312,0.0018672943115234375
677,1.0,0.09503173828125,0.50927734375,0.0021877288818359375,0.0017185211181640625,0.3896484375,0.0011720657348632812,0.0009984970092773438
678,1.0,0.07855224609375,0.86279296875,0.002918243408203125,0.0032138824462890625,0.0303955078125,0.01495361328125,0.007068634033203125
679,1.0,0.046905517578125,0.1588134765625,0.1622314453125,0.09954833984375,0.433349609375,0.0248565673828125,0.07421875
680,1.0,0.00873565673828125,0.36669921875,0.1395263671875,0.2149658203125,0.18896484375,0.031280517578125,0.049835205078125
681,1.0,0.08984375,0.5322265625,0.0036220550537109375,0.0018110275268554688,0.3505859375,0.01540374755859375,0.00640106201171875
682,1.0,0.038665771484375,0.27392578125,0.2064208984375,0.0845947265625,0.2138671875,0.0946044921875,0.08807373046875
683,1.0,0.07928466796875,0.6220703125,0.008026123046875,0.0148162841796875,0.190673828125,0.052154541015625,0.032928466796875
684,1.0,0.10662841796875,0.6015625,0.041412353515625,0.03497314453125,0.1270751953125,0.0391845703125,0.049041748046875
685,1.0,0.00930023193359375,0.744140625,0.0018768310546875,0.0020046234130859375,0.2364501953125,0.0029506683349609375,0.0034961700439453125
686,1.0,0.552734375,0.306396484375,0.0098419189453125,0.0018291473388671875,0.11962890625,0.0006237030029296875,0.0090484619140625
687,1.0,0.0179290771484375,0.544921875,0.13671875,0.037139892578125,0.0109100341796875,0.05419921875,0.1982421875
688,1.0,0.0775146484375,0.6748046875,0.032867431640625,0.002185821533203125,0.00785064697265625,0.1734619140625,0.03131103515625
689,1.0,0.1517333984375,0.24365234375,0.07666015625,0.05242919921875,0.12481689453125,0.095703125,0.255126953125
690,1.0,0.47607421875,0.41845703125,0.0030498504638671875,0.004611968994140625,0.08935546875,0.0005106925964355469,0.00777435302734375
691,1.0,0.06793212890625,0.69384765625,0.015625,0.0101470947265625,0.1875,0.0098724365234375,0.0152740478515625
692,1.0,0.00727081298828125,0.74658203125,0.01537322998046875,0.151611328125,0.059967041015625,0.006328582763671875,0.01273345947265625
693,2.0,0.296142578125,0.2646484375,0.2012939453125,0.0028247833251953125,0.10638427734375,0.075927734375,0.052764892578125
694,2.0,0.0274505615234375,0.01605224609375,0.275390625,0.015655517578125,0.004619598388671875,0.035430908203125,0.62548828125
695,2.0,0.025390625,0.228271484375,0.006153106689453125,0.0013208389282226562,0.68017578125,0.042816162109375,0.015960693359375
696,2.0,0.0211181640625,0.07427978515625,0.6025390625,0.06951904296875,0.0214996337890625,0.0653076171875,0.145751953125
697,2.0,0.0020465850830078125,0.00806427001953125,0.791015625,0.110595703125,0.0047607421875,0.03564453125,0.047760009765625
698,2.0,0.090576171875,0.0304107666015625,0.8095703125,0.0062103271484375,0.01218414306640625,0.00853729248046875,0.0426025390625
699,2.0,0.01244354248046875,0.311279296875,0.326904296875,0.119873046875,0.135009765625,0.05877685546875,0.0357666015625
700,2.0,0.236328125,0.03411865234375,0.61181640625,0.01439666748046875,0.0279998779296875,0.007701873779296875,0.06781005859375
701,2.0,0.0186767578125,0.012481689453125,0.328857421875,0.47021484375,0.01085662841796875,0.0160675048828125,0.142822265625
702,2.0,0.06097412109375,0.1400146484375,0.21337890625,0.390625,0.0465087890625,0.04638671875,0.10211181640625
703,2.0,0.004940032958984375,0.03619384765625,0.3037109375,0.42529296875,0.165283203125,0.00685882568359375,0.05792236328125
704,2.0,0.053985595703125,0.056396484375,0.7646484375,0.0050506591796875,0.0055694580078125,0.072021484375,0.0423583984375
705,2.0,0.1207275390625,0.11065673828125,0.34716796875,0.02276611328125,0.034210205078125,0.2442626953125,0.12017822265625
706,2.0,0.04132080078125,0.0269012451171875,0.088134765625,0.52490234375,0.2802734375,0.00432586669921875,0.033905029296875
707,2.0,0.0192413330078125,0.3310546875,0.1416015625,0.057861328125,0.2403564453125,0.1514892578125,0.058319091796875
708,2.0,0.031585693359375,0.022247314453125,0.6025390625,0.038330078125,0.030029296875,0.007411956787109375,0.267578125
709,2.0,0.023956298828125,0.05126953125,0.484619140625,0.09210205078125,0.09027099609375,0.01375579833984375,0.244140625
710,2.0,0.0178985595703125,0.010833740234375,0.485107421875,0.0670166015625,0.0197296142578125,0.0056610107421875,0.393798828125
711,2.0,0.1668701171875,0.0833740234375,0.311767578125,0.2291259765625,0.0609130859375,0.0811767578125,0.0667724609375
712,2.0,0.20654296875,0.01100921630859375,0.60986328125,0.0394287109375,0.035064697265625,0.0084075927734375,0.0894775390625
713,2.0,0.2138671875,0.036651611328125,0.0255126953125,0.380859375,0.039093017578125,0.00724029541015625,0.296630859375
714,2.0,0.07061767578125,0.036102294921875,0.154296875,0.1573486328125,0.0308685302734375,0.046173095703125,0.50439453125
715,2.0,0.243408203125,0.1162109375,0.2188720703125,0.06915283203125,0.0220489501953125,0.09222412109375,0.2381591796875
716,2.0,0.0250701904296875,0.011505126953125,0.73486328125,0.01348114013671875,0.00815582275390625,0.006771087646484375,0.199951171875
717,2.0,0.3486328125,0.05523681640625,0.161376953125,0.1986083984375,0.07867431640625,0.0513916015625,0.1060791015625
718,2.0,0.0287017822265625,0.039337158203125,0.81982421875,0.0625,0.0083160400390625,0.0205841064453125,0.020538330078125
719,2.0,0.01425933837890625,0.019073486328125,0.65673828125,0.1778564453125,0.024444580078125,0.01275634765625,0.09478759765625
720,2.0,0.0261993408203125,0.0201568603515625,0.051971435546875,0.4638671875,0.049774169921875,0.01861572265625,0.369384765625
721,2.0,0.0230255126953125,0.00897216796875,0.36962890625,0.060272216796875,0.0484619140625,0.01061248779296875,0.47900390625
722,2.0,0.020904541015625,0.00653839111328125,0.81640625,0.0438232421875,0.002567291259765625,0.04437255859375,0.06561279296875
723,2.0,0.0174102783203125,0.1641845703125,0.202880859375,0.185791015625,0.099853515625,0.13623046875,0.193603515625
724,2.0,0.020294189453125,0.04132080078125,0.0718994140625,0.109130859375,0.6376953125,0.005870819091796875,0.11383056640625
725,2.0,0.0032749176025390625,0.1512451171875,0.12261962890625,0.1903076171875,0.1590576171875,0.04364013671875,0.329833984375
726,2.0,0.327880859375,0.152587890625,0.345703125,0.0132598876953125,0.08697509765625,0.040069580078125,0.033355712890625
727,2.0,0.08172607421875,0.01214599609375,0.42626953125,0.006458282470703125,0.1031494140625,0.016265869140625,0.35400390625
728,2.0,0.06707763671875,0.11956787109375,0.541015625,0.055877685546875,0.10198974609375,0.0199432373046875,0.094482421875
729,2.0,0.15869140625,0.042572021484375,0.58056640625,0.0350341796875,0.0285797119140625,0.0184783935546875,0.1363525390625
730,2.0,0.32080078125,0.1263427734375,0.1644287109375,0.0194854736328125,0.2783203125,0.014892578125,0.07562255859375
731,2.0,0.01416778564453125,0.047271728515625,0.3505859375,0.381103515625,0.025787353515625,0.0650634765625,0.11590576171875
732,2.0,0.0015058517456054688,0.047332763671875,0.389892578125,0.465576171875,0.013885498046875,0.027435302734375,0.054351806640625
733,2.0,0.006481170654296875,0.307373046875,0.53662109375,0.06536865234375,0.041229248046875,0.0242462158203125,0.0187530517578125
734,2.0,0.0086517333984375,0.279052734375,0.470458984375,0.160888671875,0.025115966796875,0.01168060302734375,0.044036865234375
735,2.0,0.057220458984375,0.2164306640625,0.3544921875,0.01300048828125,0.018890380859375,0.294189453125,0.045989990234375
736,2.0,0.00469970703125,0.22705078125,0.35791015625,0.0853271484375,0.0654296875,0.10894775390625,0.150634765625
737,2.0,0.1815185546875,0.051513671875,0.1551513671875,0.39453125,0.09942626953125,0.0244903564453125,0.09332275390625
738,2.0,0.034759521484375,0.0106964111328125,0.1964111328125,0.70361328125,0.0275726318359375,0.0014772415161132812,0.0254058837890625
739,2.0,0.00371551513671875,0.002735137939453125,0.876953125,0.025390625,0.013580322265625,0.0035247802734375,0.0740966796875
740,2.0,0.0491943359375,0.20947265625,0.47314453125,0.0232086181640625,0.1444091796875,0.050628662109375,0.050018310546875
741,2.0,0.01010894775390625,0.01479339599609375,0.332763671875,0.486083984375,0.0215911865234375,0.00662994384765625,0.1280517578125
742,2.0,0.01044464111328125,0.06109619140625,0.71337890625,0.097900390625,0.0285186767578125,0.0160369873046875,0.0726318359375
743,2.0,0.054107666015625,0.08978271484375,0.56005859375,0.145751953125,0.035369873046875,0.029998779296875,0.08502197265625
744,2.0,0.09893798828125,0.1219482421875,0.374267578125,0.052886962890625,0.1951904296875,0.06402587890625,0.0926513671875
745,2.0,0.0147857666015625,0.1636962890625,0.276611328125,0.341552734375,0.107421875,0.043609619140625,0.052337646484375
746,2.0,0.040496826171875,0.419921875,0.298095703125,0.11993408203125,0.0447998046875,0.0506591796875,0.0259552001953125
747,2.0,0.00955963134765625,0.10882568359375,0.6630859375,0.137939453125,0.0183563232421875,0.031768798828125,0.030670166015625
748,2.0,0.0352783203125,0.56640625,0.042083740234375,0.040283203125,0.1280517578125,0.155517578125,0.03228759765625
749,2.0,0.0245819091796875,0.0187225341796875,0.2939453125,0.35693359375,0.042236328125,0.07550048828125,0.1881103515625
750,2.0,0.0071563720703125,0.024200439453125,0.3310546875,0.6005859375,0.0169525146484375,0.004520416259765625,0.01580810546875
751,2.0,0.00508880615234375,0.0001615285873413086,0.462890625,0.01119232177734375,0.004016876220703125,0.0011653900146484375,0.515625
752,2.0,0.0758056640625,0.412841796875,0.291259765625,0.041900634765625,0.08538818359375,0.06549072265625,0.027252197265625
753,2.0,0.00939178466796875,0.0025119781494140625,0.6083984375,0.021484375,0.006526947021484375,0.006694793701171875,0.3447265625
754,2.0,0.01334381103515625,0.10845947265625,0.64404296875,0.10015869140625,0.036407470703125,0.03302001953125,0.06451416015625
755,2.0,0.0158233642578125,0.02130126953125,0.7109375,0.06768798828125,0.042694091796875,0.01262664794921875,0.129150390625
756,2.0,0.0731201171875,0.0908203125,0.642578125,0.0162200927734375,0.02618408203125,0.0278472900390625,0.1231689453125
757,2.0,0.09716796875,0.2171630859375,0.142333984375,0.07672119140625,0.360595703125,0.0526123046875,0.053253173828125
758,2.0,0.053070068359375,0.1416015625,0.353759765625,0.27197265625,0.059539794921875,0.048370361328125,0.07159423828125
759,2.0,0.021209716796875,0.005382537841796875,0.8642578125,0.0574951171875,0.0035991668701171875,0.01287078857421875,0.035125732421875
760,2.0,0.00746917724609375,0.00279998779296875,0.93701171875,0.008331298828125,0.009613037109375,0.00418853759765625,0.03045654296875
761,2.0,0.013275146484375,0.63134765625,0.2408447265625,0.024169921875,0.039154052734375,0.024658203125,0.026336669921875
762,2.0,0.0174102783203125,0.01351165771484375,0.51123046875,0.013763427734375,0.01306915283203125,0.0279388427734375,0.40283203125
763,2.0,0.01812744140625,0.00693511962890625,0.79443359375,0.01102447509765625,0.005794525146484375,0.026336669921875,0.1370849609375
764,2.0,0.006542205810546875,0.0139312744140625,0.403076171875,0.383056640625,0.018035888671875,0.023223876953125,0.152099609375
765,2.0,0.0089874267578125,0.0088348388671875,0.83447265625,0.043731689453125,0.017669677734375,0.01557159423828125,0.07098388671875
766,2.0,0.022125244140625,0.018280029296875,0.6396484375,0.026824951171875,0.013641357421875,0.0416259765625,0.238037109375
767,2.0,0.0767822265625,0.01050567626953125,0.6337890625,0.034881591796875,0.146484375,0.006626129150390625,0.09112548828125
768,2.0,0.03814697265625,0.08349609375,0.50537109375,0.0469970703125,0.0260772705078125,0.07598876953125,0.2237548828125
769,2.0,0.1141357421875,0.4140625,0.07208251953125,0.00403594970703125,0.245361328125,0.0865478515625,0.06390380859375
770,2.0,0.0185546875,0.00444793701171875,0.24560546875,0.039215087890625,0.00872039794921875,0.03076171875,0.65283203125
771,2.0,0.0106964111328125,0.09735107421875,0.7470703125,0.0100555419921875,0.035888671875,0.04949951171875,0.049530029296875
772,2.0,0.03125,0.041839599609375,0.177001953125,0.044464111328125,0.0936279296875,0.039031982421875,0.57275390625
773,2.0,0.08331298828125,0.0264739990234375,0.35791015625,0.1588134765625,0.10357666015625,0.016754150390625,0.253173828125
774,2.0,0.01430511474609375,0.006267547607421875,0.67333984375,0.09173583984375,0.01003265380859375,0.0110321044921875,0.1932373046875
775,2.0,0.033477783203125,0.57275390625,0.0198974609375,0.017303466796875,0.33740234375,0.0118255615234375,0.0074615478515625
776,2.0,0.06719970703125,0.1893310546875,0.62109375,0.0219268798828125,0.05108642578125,0.033538818359375,0.0156707763671875
777,2.0,0.034912109375,0.118896484375,0.08880615234375,0.409423828125,0.258544921875,0.018524169921875,0.07110595703125
778,2.0,0.028533935546875,0.0224151611328125,0.74365234375,0.04345703125,0.01532745361328125,0.023651123046875,0.123046875
779,2.0,0.07012939453125,0.057098388671875,0.73583984375,0.034423828125,0.00861358642578125,0.0672607421875,0.0264892578125
780,2.0,0.284423828125,0.03533935546875,0.379638671875,0.037261962890625,0.01305389404296875,0.08319091796875,0.1669921875
781,2.0,0.258544921875,0.0836181640625,0.11248779296875,0.09918212890625,0.1014404296875,0.1331787109375,0.2115478515625
782,2.0,0.00415802001953125,0.36279296875,0.005542755126953125,0.00031566619873046875,0.626953125,0.0003445148468017578,0.00017774105072021484
783,2.0,0.01300048828125,0.0278472900390625,0.61083984375,0.10784912109375,0.0144805908203125,0.036376953125,0.1895751953125
784,2.0,0.0212860107421875,0.1539306640625,0.232666015625,0.314208984375,0.032745361328125,0.1539306640625,0.09136962890625
785,2.0,0.027252197265625,0.0215301513671875,0.84423828125,0.0077056884765625,0.00907135009765625,0.0280914306640625,0.062225341796875
786,2.0,0.0242462158203125,0.1741943359375,0.0019311904907226562,0.00047326087951660156,0.7958984375,0.0024051666259765625,0.0007429122924804688
787,2.0,0.0132293701171875,0.2034912109375,0.126953125,0.50830078125,0.059051513671875,0.057586669921875,0.03143310546875
788,2.0,0.1944580078125,0.26123046875,0.239501953125,0.1004638671875,0.115478515625,0.02691650390625,0.062042236328125
789,2.0,0.18603515625,0.13232421875,0.08013916015625,0.11163330078125,0.0740966796875,0.1297607421875,0.2861328125
790,2.0,0.033935546875,0.024627685546875,0.61328125,0.174072265625,0.0099334716796875,0.0197601318359375,0.12445068359375
791,2.0,0.0538330078125,0.1741943359375,0.45166015625,0.084716796875,0.0833740234375,0.057525634765625,0.09478759765625
792,2.0,0.032958984375,0.224365234375,0.29638671875,0.203369140625,0.21728515625,0.01357269287109375,0.0120086669921875
793,2.0,0.043060302734375,0.0418701171875,0.045867919921875,0.01142120361328125,0.7958984375,0.005096435546875,0.056732177734375
794,2.0,0.05792236328125,0.476318359375,0.1417236328125,0.0224761962890625,0.06646728515625,0.1800537109375,0.0550537109375
795,2.0,0.029022216796875,0.0227203369140625,0.80322265625,0.036163330078125,0.041015625,0.00966644287109375,0.0582275390625
796,2.0,0.0266571044921875,0.036712646484375,0.826171875,0.036773681640625,0.04864501953125,0.005344390869140625,0.01971435546875
797,2.0,0.027099609375,0.1754150390625,0.1534423828125,0.32470703125,0.163818359375,0.095947265625,0.059539794921875
798,2.0,0.04852294921875,0.1019287109375,0.078369140625,0.2607421875,0.166259765625,0.04962158203125,0.29443359375
799,2.0,0.1494140625,0.0386962890625,0.470703125,0.029052734375,0.11431884765625,0.059783935546875,0.137939453125
800,2.0,0.035797119140625,0.02532958984375,0.82080078125,0.0270233154296875,0.0130767822265625,0.042144775390625,0.03582763671875
801,2.0,0.02728271484375,0.32177734375,0.286376953125,0.19189453125,0.061065673828125,0.0711669921875,0.0404052734375
802,2.0,0.0251007080078125,0.088134765625,0.288818359375,0.332275390625,0.144775390625,0.0217437744140625,0.09930419921875
803,2.0,0.246826171875,0.25341796875,0.03326416015625,0.0109405517578125,0.27392578125,0.029998779296875,0.1517333984375
804,2.0,0.1278076171875,0.11273193359375,0.4052734375,0.07147216796875,0.047637939453125,0.053009033203125,0.18212890625
805,2.0,0.007152557373046875,0.1494140625,0.7685546875,0.02264404296875,0.0254974365234375,0.01403045654296875,0.01277923583984375
806,2.0,0.0181884765625,0.039276123046875,0.53369140625,0.259033203125,0.0802001953125,0.01299285888671875,0.056854248046875
807,2.0,0.06549072265625,0.03741455078125,0.134521484375,0.6708984375,0.022979736328125,0.023223876953125,0.045440673828125
808,2.0,0.01447296142578125,0.1187744140625,0.403076171875,0.04705810546875,0.0107269287109375,0.36962890625,0.036163330078125
809,2.0,0.10760498046875,0.2265625,0.2347412109375,0.24169921875,0.06414794921875,0.07080078125,0.05438232421875
810,2.0,0.0092926025390625,0.0166015625,0.8330078125,0.0289459228515625,0.005695343017578125,0.0272216796875,0.07916259765625
811,2.0,0.00839996337890625,0.01197052001953125,0.59716796875,0.040740966796875,0.01244354248046875,0.0181732177734375,0.31103515625
812,2.0,0.036712646484375,0.016815185546875,0.267333984375,0.42919921875,0.0148162841796875,0.0180816650390625,0.2169189453125
813,2.0,0.11517333984375,0.011077880859375,0.48583984375,0.05877685546875,0.07861328125,0.00926971435546875,0.2412109375
814,2.0,0.0938720703125,0.26416015625,0.1683349609375,0.061614990234375,0.356201171875,0.023345947265625,0.03228759765625
815,2.0,0.00182342529296875,0.77392578125,0.06207275390625,0.0279388427734375,0.10797119140625,0.016204833984375,0.0099334716796875
816,2.0,0.03814697265625,0.053863525390625,0.5830078125,0.1190185546875,0.018341064453125,0.07220458984375,0.11541748046875
817,2.0,0.034423828125,0.145263671875,0.407470703125,0.307373046875,0.0501708984375,0.041778564453125,0.013671875
818,2.0,0.088623046875,0.04315185546875,0.25634765625,0.00867462158203125,0.0556640625,0.02056884765625,0.52685546875
819,2.0,0.09881591796875,0.184814453125,0.25439453125,0.1297607421875,0.1566162109375,0.07733154296875,0.098388671875
820,2.0,0.00971221923828125,0.00524139404296875,0.2626953125,0.66162109375,0.0223236083984375,0.002216339111328125,0.036224365234375
821,2.0,0.040618896484375,0.5498046875,0.050567626953125,0.052276611328125,0.1187744140625,0.08514404296875,0.102783203125
822,2.0,0.006305694580078125,0.004436492919921875,0.5537109375,0.32421875,0.0311126708984375,0.00649261474609375,0.07403564453125
823,2.0,0.0186004638671875,0.01824951171875,0.73046875,0.1275634765625,0.01318359375,0.0391845703125,0.05291748046875
824,2.0,0.039215087890625,0.046875,0.67431640625,0.1275634765625,0.060150146484375,0.007175445556640625,0.044830322265625
825,2.0,0.10015869140625,0.1771240234375,0.1171875,0.08685302734375,0.0318603515625,0.406982421875,0.07977294921875
826,2.0,0.000766754150390625,0.01593017578125,0.97802734375,0.0019292831420898438,0.00017261505126953125,0.00278472900390625,0.0002856254577636719
827,2.0,0.037139892578125,0.1600341796875,0.1468505859375,0.2939453125,0.06610107421875,0.18408203125,0.1116943359375
828,2.0,0.305419921875,0.17529296875,0.2445068359375,0.0200042724609375,0.08001708984375,0.060821533203125,0.1138916015625
829,2.0,0.09405517578125,0.267333984375,0.0211029052734375,0.0178375244140625,0.017242431640625,0.55517578125,0.027191162109375
830,2.0,0.04498291015625,0.048919677734375,0.296142578125,0.15185546875,0.035736083984375,0.169189453125,0.25341796875
831,2.0,0.0540771484375,0.329345703125,0.205078125,0.153076171875,0.144287109375,0.0531005859375,0.06097412109375
832,2.0,0.0699462890625,0.049530029296875,0.41064453125,0.0092010498046875,0.033966064453125,0.08233642578125,0.34423828125
833,2.0,0.01290130615234375,0.1712646484375,0.282470703125,0.2471923828125,0.255859375,0.007415771484375,0.022796630859375
834,2.0,0.022857666015625,0.0154876708984375,0.54150390625,0.1824951171875,0.04107666015625,0.005977630615234375,0.1907958984375
835,2.0,0.0733642578125,0.0787353515625,0.50537109375,0.0184478759765625,0.007564544677734375,0.09228515625,0.224365234375
836,2.0,0.027069091796875,0.35693359375,0.3994140625,0.01446533203125,0.18505859375,0.01001739501953125,0.00702667236328125
837,2.0,0.020965576171875,0.0104217529296875,0.12005615234375,0.736328125,0.09332275390625,0.00154876708984375,0.017364501953125
838,2.0,0.04742431640625,0.018829345703125,0.5302734375,0.27783203125,0.0270538330078125,0.0175323486328125,0.0809326171875
839,2.0,0.049774169921875,0.1500244140625,0.263671875,0.2127685546875,0.11346435546875,0.050567626953125,0.159912109375
840,2.0,0.005695343017578125,0.0080108642578125,0.2218017578125,0.6328125,0.0162200927734375,0.01708984375,0.09832763671875
841,2.0,0.0045318603515625,0.1409912109375,0.67626953125,0.07763671875,0.046356201171875,0.038421630859375,0.01557159423828125
842,2.0,0.1324462890625,0.208740234375,0.170166015625,0.212890625,0.197509765625,0.0217132568359375,0.0565185546875
843,2.0,0.006488800048828125,0.0102081298828125,0.9111328125,0.014984130859375,0.0098114013671875,0.00785064697265625,0.039520263671875
844,2.0,0.0296630859375,0.0653076171875,0.396484375,0.0850830078125,0.006702423095703125,0.135986328125,0.28076171875
845,2.0,0.023406982421875,0.191162109375,0.147216796875,0.035552978515625,0.00891876220703125,0.484619140625,0.1090087890625
846,2.0,0.039825439453125,0.0185699462890625,0.06976318359375,0.054107666015625,0.156005859375,0.01235198974609375,0.6494140625
847,2.0,0.043914794921875,0.2374267578125,0.2998046875,0.125732421875,0.10400390625,0.07159423828125,0.117431640625
848,2.0,0.0321044921875,0.313232421875,0.051971435546875,0.12188720703125,0.03948974609375,0.190185546875,0.251220703125
849,2.0,0.1217041015625,0.34326171875,0.028472900390625,0.0123291015625,0.0304412841796875,0.34033203125,0.12353515625
850,2.0,0.099853515625,0.1529541015625,0.348388671875,0.07305908203125,0.04443359375,0.171630859375,0.109619140625
851,2.0,0.0275726318359375,0.0106658935546875,0.1339111328125,0.63671875,0.1396484375,0.005855560302734375,0.045440673828125
852,2.0,0.032928466796875,0.1337890625,0.485595703125,0.061248779296875,0.028350830078125,0.062164306640625,0.19580078125
853,3.0,0.0225067138671875,0.00873565673828125,0.158203125,0.64794921875,0.04229736328125,0.01439666748046875,0.10589599609375
854,3.0,0.006999969482421875,0.012542724609375,0.030792236328125,0.030120849609375,0.6748046875,0.0051422119140625,0.2396240234375
855,3.0,0.005283355712890625,0.0117645263671875,0.138671875,0.7685546875,0.0511474609375,0.004688262939453125,0.019683837890625
856,3.0,0.0282745361328125,0.143310546875,0.18994140625,0.2176513671875,0.1910400390625,0.03424072265625,0.195556640625
857,3.0,0.0201873779296875,0.07177734375,0.301025390625,0.381103515625,0.1954345703125,0.00531005859375,0.025177001953125
858,3.0,0.085693359375,0.1419677734375,0.08154296875,0.48974609375,0.1563720703125,0.014923095703125,0.029754638671875
859,3.0,0.2330322265625,0.0777587890625,0.21142578125,0.12188720703125,0.31689453125,0.0057373046875,0.033294677734375
860,3.0,0.04034423828125,0.07220458984375,0.264892578125,0.51416015625,0.06536865234375,0.0099029541015625,0.033172607421875
861,3.0,0.016204833984375,0.121337890625,0.7041015625,0.02325439453125,0.016845703125,0.011932373046875,0.106201171875
862,3.0,0.035125732421875,0.32470703125,0.1097412109375,0.2080078125,0.15869140625,0.07757568359375,0.08612060546875
863,3.0,0.08123779296875,0.120849609375,0.20654296875,0.1556396484375,0.14013671875,0.07586669921875,0.2197265625
864,3.0,0.2283935546875,0.13671875,0.180908203125,0.170654296875,0.2203369140625,0.032806396484375,0.0301361083984375
865,3.0,0.05670166015625,0.08489990234375,0.3056640625,0.04547119140625,0.313232421875,0.0533447265625,0.140625
866,3.0,0.055908203125,0.030792236328125,0.459228515625,0.11907958984375,0.1282958984375,0.018310546875,0.1884765625
867,3.0,0.0364990234375,0.1649169921875,0.09967041015625,0.2548828125,0.2646484375,0.08648681640625,0.093017578125
868,3.0,0.00733184814453125,0.0272369384765625,0.09527587890625,0.7099609375,0.024200439453125,0.017547607421875,0.11834716796875
869,3.0,0.06597900390625,0.1904296875,0.105224609375,0.232177734375,0.05499267578125,0.18505859375,0.1661376953125
870,3.0,0.00341033935546875,0.0110626220703125,0.097900390625,0.84228515625,0.01235198974609375,0.003437042236328125,0.0293426513671875
871,3.0,0.0031719207763671875,0.1273193359375,0.321044921875,0.51513671875,0.02752685546875,0.0035457611083984375,0.0024662017822265625
872,3.0,0.11572265625,0.06634521484375,0.141357421875,0.348388671875,0.21728515625,0.01611328125,0.0948486328125
873,3.0,0.045135498046875,0.03582763671875,0.241943359375,0.40478515625,0.05596923828125,0.01458740234375,0.20166015625
874,3.0,0.04986572265625,0.034515380859375,0.1341552734375,0.2447509765625,0.05609130859375,0.06597900390625,0.41455078125
875,3.0,0.0204620361328125,0.02899169921875,0.11688232421875,0.6259765625,0.1614990234375,0.007785797119140625,0.038421630859375
876,3.0,0.01412200927734375,0.005435943603515625,0.4140625,0.5390625,0.0078125,0.00286102294921875,0.016815185546875
877,3.0,0.06817626953125,0.0819091796875,0.253662109375,0.376953125,0.1656494140625,0.01374053955078125,0.039825439453125
878,3.0,0.025115966796875,0.04315185546875,0.3193359375,0.298828125,0.1220703125,0.0157012939453125,0.17578125
879,3.0,0.052093505859375,0.030303955078125,0.256103515625,0.03082275390625,0.0213623046875,0.034698486328125,0.57470703125
880,3.0,0.028411865234375,0.01076507568359375,0.2578125,0.62939453125,0.0391845703125,0.0040130615234375,0.0306243896484375
881,3.0,0.10577392578125,0.030670166015625,0.06451416015625,0.6142578125,0.0555419921875,0.006916046142578125,0.12237548828125
882,3.0,0.0160369873046875,0.04949951171875,0.2381591796875,0.50048828125,0.06884765625,0.01126861572265625,0.11590576171875
883,3.0,0.0760498046875,0.1353759765625,0.189697265625,0.2646484375,0.1480712890625,0.1077880859375,0.0782470703125
884,3.0,0.026275634765625,0.257080078125,0.3076171875,0.222412109375,0.10693359375,0.0219879150390625,0.05767822265625
885,3.0,0.0513916015625,0.105712890625,0.17529296875,0.346435546875,0.19873046875,0.0255584716796875,0.09686279296875
886,3.0,0.0063323974609375,0.0139312744140625,0.364501953125,0.51123046875,0.013031005859375,0.00994110107421875,0.08123779296875
887,3.0,0.03875732421875,0.1707763671875,0.29248046875,0.10369873046875,0.3388671875,0.0204315185546875,0.034881591796875
888,3.0,0.019195556640625,0.0254058837890625,0.392333984375,0.463623046875,0.016326904296875,0.0299530029296875,0.053192138671875
889,3.0,0.05963134765625,0.0987548828125,0.2386474609375,0.332275390625,0.143310546875,0.0167083740234375,0.11065673828125
890,3.0,0.01190948486328125,0.057281494140625,0.1751708984375,0.63916015625,0.09112548828125,0.00730133056640625,0.0178680419921875
891,3.0,0.0307464599609375,0.1929931640625,0.2391357421875,0.263671875,0.1583251953125,0.05157470703125,0.06353759765625
892,3.0,0.034515380859375,0.09320068359375,0.37646484375,0.375,0.103759765625,0.01007843017578125,0.00701141357421875
893,3.0,0.0673828125,0.10406494140625,0.146240234375,0.258544921875,0.318359375,0.01032257080078125,0.09515380859375
894,3.0,0.019317626953125,0.1728515625,0.310302734375,0.18408203125,0.2066650390625,0.009033203125,0.09765625
895,3.0,0.10333251953125,0.006450653076171875,0.406982421875,0.09124755859375,0.1611328125,0.0114593505859375,0.2193603515625
896,3.0,0.0281829833984375,0.07244873046875,0.37255859375,0.30078125,0.1046142578125,0.0197296142578125,0.10150146484375
897,3.0,0.04107666015625,0.020233154296875,0.158935546875,0.66015625,0.07366943359375,0.006572723388671875,0.039306640625
898,3.0,0.0650634765625,0.07635498046875,0.2071533203125,0.30224609375,0.319091796875,0.00792694091796875,0.022186279296875
899,3.0,0.146728515625,0.0950927734375,0.36572265625,0.09808349609375,0.269775390625,0.0088348388671875,0.0158233642578125
900,3.0,0.08209228515625,0.28173828125,0.0128173828125,0.1409912109375,0.09490966796875,0.11163330078125,0.27587890625
901,3.0,0.091552734375,0.33203125,0.07147216796875,0.0465087890625,0.409912109375,0.0287017822265625,0.01971435546875
902,3.0,0.1046142578125,0.134521484375,0.205810546875,0.189208984375,0.029205322265625,0.15869140625,0.1778564453125
903,3.0,0.0008831024169921875,0.0684814453125,0.07257080078125,0.79052734375,0.061798095703125,0.0036220550537109375,0.002185821533203125
904,3.0,0.01708984375,0.02056884765625,0.334228515625,0.52734375,0.037109375,0.00616455078125,0.0574951171875
905,3.0,0.1446533203125,0.233154296875,0.1253662109375,0.2281494140625,0.03668212890625,0.1341552734375,0.097900390625
906,3.0,0.0305328369140625,0.2113037109375,0.1783447265625,0.2122802734375,0.1602783203125,0.0704345703125,0.1368408203125
907,3.0,0.0018768310546875,0.0292510986328125,0.082275390625,0.86474609375,0.01154327392578125,0.006992340087890625,0.003391265869140625
908,3.0,0.13330078125,0.0693359375,0.58447265625,0.059295654296875,0.038909912109375,0.029510498046875,0.0850830078125
909,3.0,0.00733184814453125,0.04083251953125,0.338623046875,0.453857421875,0.133544921875,0.004985809326171875,0.0206451416015625
910,3.0,0.129638671875,0.2237548828125,0.1060791015625,0.11627197265625,0.2071533203125,0.057952880859375,0.1593017578125
911,3.0,0.0020694732666015625,0.0196685791015625,0.2646484375,0.6513671875,0.032470703125,0.00511932373046875,0.024627685546875
912,3.0,0.05828857421875,0.1376953125,0.439208984375,0.2391357421875,0.060760498046875,0.0211639404296875,0.043701171875
913,3.0,0.1312255859375,0.278564453125,0.2073974609375,0.1488037109375,0.07025146484375,0.10150146484375,0.06207275390625
914,3.0,0.1346435546875,0.08306884765625,0.0919189453125,0.4599609375,0.0673828125,0.043701171875,0.11932373046875
915,3.0,0.034149169921875,0.356689453125,0.1248779296875,0.207275390625,0.1351318359375,0.044036865234375,0.0977783203125
916,3.0,0.0699462890625,0.1927490234375,0.186767578125,0.369140625,0.05902099609375,0.05072021484375,0.07159423828125
917,3.0,0.046478271484375,0.07977294921875,0.418212890625,0.1343994140625,0.2398681640625,0.018646240234375,0.062469482421875
918,3.0,0.0194091796875,0.01499176025390625,0.219970703125,0.51025390625,0.1488037109375,0.01043701171875,0.07611083984375
919,3.0,0.04705810546875,0.11749267578125,0.06756591796875,0.3994140625,0.320068359375,0.0111541748046875,0.037139892578125
920,3.0,0.07177734375,0.142333984375,0.468017578125,0.117431640625,0.128662109375,0.0277252197265625,0.043914794921875
921,3.0,0.160888671875,0.0684814453125,0.0537109375,0.385498046875,0.312255859375,0.004039764404296875,0.015106201171875
922,3.0,0.46728515625,0.2154541015625,0.11419677734375,0.0462646484375,0.09991455078125,0.02557373046875,0.03131103515625
923,3.0,0.44580078125,0.129638671875,0.2169189453125,0.048583984375,0.033905029296875,0.06427001953125,0.060882568359375
924,3.0,0.0256195068359375,0.00673675537109375,0.192138671875,0.42578125,0.08050537109375,0.00902557373046875,0.260009765625
925,3.0,0.012115478515625,0.008270263671875,0.316162109375,0.206787109375,0.038482666015625,0.00865936279296875,0.40966796875
926,3.0,0.12152099609375,0.129638671875,0.273681640625,0.189697265625,0.20361328125,0.0140380859375,0.0677490234375
927,3.0,0.0006899833679199219,0.0006341934204101562,0.028564453125,0.8359375,0.0019063949584960938,0.006504058837890625,0.1259765625
928,3.0,0.04791259765625,0.07342529296875,0.3681640625,0.31298828125,0.1107177734375,0.0238037109375,0.06292724609375
929,3.0,0.036651611328125,0.0782470703125,0.2095947265625,0.5478515625,0.0616455078125,0.02093505859375,0.044830322265625
930,3.0,0.0256500244140625,0.264404296875,0.52734375,0.0188140869140625,0.1297607421875,0.0164947509765625,0.0177154541015625
931,3.0,0.06781005859375,0.1741943359375,0.576171875,0.09783935546875,0.0535888671875,0.0088043212890625,0.021453857421875
932,3.0,0.222412109375,0.051666259765625,0.404541015625,0.1741943359375,0.0726318359375,0.01092529296875,0.06365966796875
933,3.0,0.05938720703125,0.0660400390625,0.490234375,0.293701171875,0.041900634765625,0.01215362548828125,0.036651611328125
934,3.0,0.01885986328125,0.19482421875,0.327880859375,0.038818359375,0.376220703125,0.0281982421875,0.01541900634765625
935,3.0,0.03216552734375,0.1968994140625,0.265625,0.353515625,0.1041259765625,0.0216064453125,0.0261077880859375
936,3.0,0.0357666015625,0.1475830078125,0.411376953125,0.1588134765625,0.1787109375,0.019378662109375,0.048248291015625
937,3.0,0.0284271240234375,0.1798095703125,0.05950927734375,0.63427734375,0.0714111328125,0.00798797607421875,0.0186920166015625
938,3.0,0.0748291015625,0.063232421875,0.5810546875,0.0318603515625,0.20263671875,0.0157318115234375,0.030548095703125
939,3.0,0.12420654296875,0.1575927734375,0.27783203125,0.25927734375,0.1224365234375,0.0167999267578125,0.04193115234375
940,3.0,0.0212249755859375,0.01355743408203125,0.145751953125,0.2408447265625,0.0266571044921875,0.0245513916015625,0.52734375
941,3.0,0.0254058837890625,0.13037109375,0.137939453125,0.289306640625,0.128173828125,0.043212890625,0.2454833984375
942,3.0,0.012115478515625,0.0176544189453125,0.200439453125,0.65478515625,0.0203094482421875,0.024200439453125,0.07073974609375
943,3.0,0.08685302734375,0.0325927734375,0.16943359375,0.49267578125,0.07537841796875,0.017059326171875,0.1259765625
944,3.0,0.04193115234375,0.34814453125,0.1802978515625,0.14501953125,0.180419921875,0.046173095703125,0.058074951171875
945,3.0,0.032196044921875,0.0869140625,0.72998046875,0.06756591796875,0.031646728515625,0.01505279541015625,0.03643798828125
946,3.0,0.349609375,0.091552734375,0.032470703125,0.08978271484375,0.368408203125,0.006862640380859375,0.061370849609375
947,3.0,0.0266876220703125,0.0672607421875,0.64453125,0.08038330078125,0.09014892578125,0.0158233642578125,0.074951171875
948,3.0,0.015869140625,0.0122528076171875,0.6669921875,0.17138671875,0.056732177734375,0.00525665283203125,0.07135009765625
949,3.0,0.0311737060546875,0.2303466796875,0.1817626953125,0.06060791015625,0.400390625,0.017425537109375,0.07830810546875
950,3.0,0.0771484375,0.197021484375,0.150146484375,0.1964111328125,0.1429443359375,0.13232421875,0.10406494140625
951,3.0,0.014251708984375,0.03338623046875,0.031829833984375,0.701171875,0.07720947265625,0.0150146484375,0.127197265625
952,3.0,0.0640869140625,0.049468994140625,0.2215576171875,0.399658203125,0.13720703125,0.0154571533203125,0.11248779296875
953,3.0,0.017669677734375,0.037872314453125,0.378173828125,0.52490234375,0.01198577880859375,0.0154571533203125,0.01393890380859375
954,3.0,0.046539306640625,0.1318359375,0.256591796875,0.17626953125,0.17333984375,0.051849365234375,0.16357421875
955,3.0,0.077392578125,0.19775390625,0.08001708984375,0.354248046875,0.2396240234375,0.023193359375,0.0278167724609375
956,3.0,0.00270843505859375,0.0092010498046875,0.03887939453125,0.9033203125,0.0330810546875,0.00151824951171875,0.01116180419921875
957,3.0,0.023406982421875,0.0087127685546875,0.09283447265625,0.419921875,0.42333984375,0.0010309219360351562,0.0307769775390625
958,3.0,0.0173187255859375,0.040130615234375,0.322265625,0.256591796875,0.1986083984375,0.032257080078125,0.1326904296875
959,3.0,0.07403564453125,0.252685546875,0.1861572265625,0.142822265625,0.07830810546875,0.139892578125,0.1260986328125
960,3.0,0.008270263671875,0.033782958984375,0.5146484375,0.3466796875,0.0455322265625,0.015777587890625,0.035400390625
961,3.0,0.0153961181640625,0.04632568359375,0.0216827392578125,0.486328125,0.336181640625,0.0094451904296875,0.08447265625
962,3.0,0.042205810546875,0.1456298828125,0.1171875,0.128173828125,0.497314453125,0.0269317626953125,0.04254150390625
963,3.0,0.174560546875,0.1402587890625,0.076171875,0.237060546875,0.1392822265625,0.03662109375,0.196044921875
964,3.0,0.033355712890625,0.1549072265625,0.4267578125,0.075927734375,0.242431640625,0.04449462890625,0.0222625732421875
965,3.0,0.0035381317138671875,0.021942138671875,0.38720703125,0.2269287109375,0.061187744140625,0.004772186279296875,0.29443359375
966,3.0,0.0025806427001953125,0.039520263671875,0.09442138671875,0.4736328125,0.2225341796875,0.0157623291015625,0.1514892578125
967,3.0,0.051483154296875,0.0241546630859375,0.73388671875,0.06976318359375,0.018463134765625,0.0153350830078125,0.0870361328125
968,3.0,0.08721923828125,0.08489990234375,0.2373046875,0.265625,0.10870361328125,0.0289764404296875,0.1871337890625
969,3.0,0.042388916015625,0.2410888671875,0.2264404296875,0.337890625,0.034332275390625,0.07171630859375,0.046051025390625
970,3.0,0.0021114349365234375,0.01959228515625,0.385498046875,0.52978515625,0.0208282470703125,0.0086517333984375,0.0335693359375
971,3.0,0.0251007080078125,0.130126953125,0.307861328125,0.306396484375,0.19677734375,0.0200042724609375,0.01346588134765625
972,3.0,0.006084442138671875,0.0249481201171875,0.18115234375,0.60595703125,0.0997314453125,0.01039886474609375,0.071533203125
973,3.0,0.06048583984375,0.211181640625,0.157958984375,0.228271484375,0.25439453125,0.023345947265625,0.0643310546875
974,3.0,0.03204345703125,0.009521484375,0.35595703125,0.3125,0.1826171875,0.002712249755859375,0.10467529296875
975,3.0,0.421630859375,0.043243408203125,0.2381591796875,0.059234619140625,0.184326171875,0.0105438232421875,0.04290771484375
976,3.0,0.07696533203125,0.1932373046875,0.23681640625,0.1558837890625,0.290283203125,0.016082763671875,0.030731201171875
977,3.0,0.0203094482421875,0.0596923828125,0.493408203125,0.275634765625,0.0380859375,0.007564544677734375,0.10528564453125
978,3.0,0.004302978515625,0.03692626953125,0.1085205078125,0.36181640625,0.44775390625,0.0127716064453125,0.0279693603515625
979,3.0,0.09698486328125,0.2034912109375,0.227294921875,0.120361328125,0.31396484375,0.00868988037109375,0.0292816162109375
980,3.0,0.01428985595703125,0.0126190185546875,0.10888671875,0.79736328125,0.0124664306640625,0.005695343017578125,0.048736572265625
981,3.0,0.0085296630859375,0.2607421875,0.1925048828125,0.26318359375,0.0736083984375,0.070068359375,0.13134765625
982,3.0,0.1202392578125,0.319580078125,0.0936279296875,0.2119140625,0.10302734375,0.0792236328125,0.07257080078125
983,3.0,0.074951171875,0.01043701171875,0.1719970703125,0.397705078125,0.0208740234375,0.0172882080078125,0.306640625
984,3.0,0.034942626953125,0.06549072265625,0.203857421875,0.1737060546875,0.505859375,0.004241943359375,0.0118560791015625
985,3.0,0.1263427734375,0.2003173828125,0.0970458984375,0.1513671875,0.1143798828125,0.241455078125,0.0689697265625
986,3.0,0.0897216796875,0.26123046875,0.0288238525390625,0.1265869140625,0.446044921875,0.02301025390625,0.024566650390625
987,3.0,0.0188140869140625,0.061767578125,0.52392578125,0.24609375,0.11248779296875,0.0113677978515625,0.0253448486328125
988,3.0,0.050445556640625,0.058135986328125,0.200439453125,0.2861328125,0.233642578125,0.0191802978515625,0.152099609375
989,3.0,0.0194244384765625,0.221435546875,0.20654296875,0.38623046875,0.07330322265625,0.041107177734375,0.052093505859375
990,3.0,0.018035888671875,0.00914764404296875,0.08795166015625,0.73876953125,0.07391357421875,0.0059814453125,0.0662841796875
991,3.0,0.016326904296875,0.388671875,0.16064453125,0.302978515625,0.057342529296875,0.033233642578125,0.040557861328125
992,3.0,0.0179595947265625,0.0150299072265625,0.30908203125,0.6220703125,0.01148223876953125,0.01467132568359375,0.00970458984375
993,3.0,0.018218994140625,0.006206512451171875,0.34521484375,0.235595703125,0.050445556640625,0.004375457763671875,0.33984375
994,4.0,0.1585693359375,0.43408203125,0.02801513671875,0.04339599609375,0.285888671875,0.0215301513671875,0.028472900390625
995,4.0,0.0030040740966796875,0.0618896484375,0.007678985595703125,0.004413604736328125,0.921875,0.0002484321594238281,0.0008258819580078125
996,4.0,0.0399169921875,0.09161376953125,0.5126953125,0.11285400390625,0.0947265625,0.06500244140625,0.0831298828125
997,4.0,0.0523681640625,0.60107421875,0.00743865966796875,0.006107330322265625,0.318359375,0.004329681396484375,0.01043701171875
998,4.0,0.3525390625,0.162353515625,0.0657958984375,0.016448974609375,0.352294921875,0.003932952880859375,0.046661376953125
999,4.0,0.019256591796875,0.11114501953125,0.50244140625,0.232177734375,0.111083984375,0.00945281982421875,0.014312744140625
1000,4.0,0.0762939453125,0.2479248046875,0.00757598876953125,0.009552001953125,0.64306640625,0.0038928985595703125,0.01158905029296875
1001,4.0,0.001621246337890625,0.147216796875,0.0002815723419189453,0.0244598388671875,0.82421875,0.0008082389831542969,0.0011739730834960938
1002,4.0,0.01038360595703125,0.061553955078125,0.01087188720703125,0.1142578125,0.051666259765625,0.43896484375,0.312255859375
1003,4.0,0.011688232421875,0.00888824462890625,0.0169677734375,0.1041259765625,0.08209228515625,0.00437164306640625,0.77197265625
1004,4.0,0.426513671875,0.4619140625,0.013153076171875,0.0036182403564453125,0.07275390625,0.00946807861328125,0.0125579833984375
1005,4.0,0.1795654296875,0.094482421875,0.10662841796875,0.2890625,0.259033203125,0.0242767333984375,0.04693603515625
1006,4.0,0.052337646484375,0.08673095703125,0.0634765625,0.403076171875,0.366455078125,0.01395416259765625,0.0139617919921875
1007,4.0,0.0108795166015625,0.25439453125,0.0626220703125,0.035552978515625,0.62744140625,0.004413604736328125,0.004695892333984375
1008,4.0,0.06634521484375,0.1724853515625,0.0870361328125,0.14794921875,0.3466796875,0.0273895263671875,0.152099609375
1009,4.0,0.002384185791015625,0.29638671875,0.19677734375,0.227783203125,0.22900390625,0.026123046875,0.0216064453125
1010,4.0,0.005550384521484375,0.325927734375,0.01561737060546875,0.01493072509765625,0.6318359375,0.001953125,0.00429534912109375
1011,4.0,0.193603515625,0.390380859375,0.0025920867919921875,0.004024505615234375,0.4052734375,0.0010318756103515625,0.0030345916748046875
1012,4.0,0.075927734375,0.392578125,0.048095703125,0.03607177734375,0.43701171875,0.0032482147216796875,0.006984710693359375
1013,4.0,0.0667724609375,0.042327880859375,0.006488800048828125,0.038330078125,0.841796875,0.0007295608520507812,0.0037555694580078125
1014,4.0,0.10455322265625,0.12384033203125,0.00720977783203125,0.085693359375,0.6552734375,0.0051727294921875,0.0182342529296875
1015,4.0,0.0352783203125,0.06439208984375,0.5361328125,0.034759521484375,0.0830078125,0.01207733154296875,0.2342529296875
1016,4.0,0.03521728515625,0.0148162841796875,0.40771484375,0.314697265625,0.045745849609375,0.007144927978515625,0.1748046875
1017,4.0,0.33154296875,0.1007080078125,0.303955078125,0.057403564453125,0.104736328125,0.03900146484375,0.0626220703125
1018,4.0,0.0293426513671875,0.01122283935546875,0.131103515625,0.316650390625,0.445556640625,0.0034618377685546875,0.0628662109375
1019,4.0,0.130615234375,0.3271484375,0.038482666015625,0.1287841796875,0.338623046875,0.01177978515625,0.024505615234375
1020,4.0,0.0423583984375,0.1876220703125,0.29248046875,0.127197265625,0.251708984375,0.055572509765625,0.04315185546875
1021,4.0,0.05877685546875,0.10687255859375,0.01116943359375,0.0243682861328125,0.79052734375,0.0011749267578125,0.0072021484375
1022,4.0,0.180908203125,0.58740234375,0.01389312744140625,0.00974273681640625,0.1993408203125,0.0032062530517578125,0.005367279052734375
1023,4.0,0.0244903564453125,0.16455078125,0.06353759765625,0.0233154296875,0.72119140625,0.000537872314453125,0.0022335052490234375
1024,4.0,0.01153564453125,0.0804443359375,0.1776123046875,0.2476806640625,0.419921875,0.015167236328125,0.047607421875
1025,4.0,0.05712890625,0.315673828125,0.10479736328125,0.00200653076171875,0.51220703125,0.003936767578125,0.0039825439453125
1026,4.0,0.0382080078125,0.313232421875,0.066650390625,0.08966064453125,0.391357421875,0.07818603515625,0.02252197265625
1027,4.0,0.0634765625,0.266845703125,0.0122222900390625,0.07977294921875,0.55615234375,0.0090484619140625,0.0125732421875
1028,4.0,0.2164306640625,0.19482421875,0.11651611328125,0.05999755859375,0.20849609375,0.04437255859375,0.159423828125
1029,4.0,0.27587890625,0.2451171875,0.0217742919921875,0.050689697265625,0.349365234375,0.0101776123046875,0.046875
1030,4.0,0.1419677734375,0.096435546875,0.57861328125,0.07257080078125,0.048065185546875,0.033538818359375,0.0289764404296875
1031,4.0,0.046295166015625,0.022216796875,0.054443359375,0.7607421875,0.10223388671875,0.004741668701171875,0.0094146728515625
1032,4.0,0.039581298828125,0.0689697265625,0.034912109375,0.5,0.05584716796875,0.1490478515625,0.151611328125
1033,4.0,0.187744140625,0.254150390625,0.0899658203125,0.2294921875,0.08575439453125,0.09942626953125,0.053436279296875
1034,4.0,0.06671142578125,0.0528564453125,0.005893707275390625,0.09429931640625,0.7763671875,0.001453399658203125,0.002223968505859375
1035,4.0,0.04718017578125,0.6787109375,0.0234527587890625,0.0445556640625,0.0888671875,0.1102294921875,0.007015228271484375
1036,4.0,0.1336669921875,0.25146484375,0.1279296875,0.1680908203125,0.2254638671875,0.0249176025390625,0.06842041015625
1037,4.0,0.049713134765625,0.317626953125,0.0215606689453125,0.01251220703125,0.58984375,0.00476837158203125,0.00417327880859375
1038,4.0,0.019256591796875,0.0845947265625,0.0007519721984863281,0.00878143310546875,0.88330078125,0.0003941059112548828,0.003047943115234375
1039,4.0,0.007778167724609375,0.0232696533203125,0.01030731201171875,0.02191162109375,0.93310546875,0.0004162788391113281,0.0030517578125
1040,4.0,0.03521728515625,0.390625,0.01617431640625,0.003528594970703125,0.54541015625,0.003314971923828125,0.0055999755859375
1041,4.0,0.00867462158203125,0.166748046875,0.0033626556396484375,0.05987548828125,0.7216796875,0.0211639404296875,0.018402099609375
1042,4.0,0.002178192138671875,0.4365234375,0.0009775161743164062,0.0009164810180664062,0.55859375,0.0005254745483398438,0.0003437995910644531
1043,4.0,0.08349609375,0.0714111328125,0.020233154296875,0.01142120361328125,0.7939453125,0.0023365020751953125,0.0171051025390625
1044,4.0,0.1138916015625,0.427978515625,0.020477294921875,0.041473388671875,0.06585693359375,0.286376953125,0.0439453125
1045,4.0,0.025482177734375,0.217529296875,0.0117645263671875,0.022247314453125,0.376953125,0.193115234375,0.1529541015625
1046,4.0,0.160888671875,0.10797119140625,0.0030574798583984375,0.0051727294921875,0.72216796875,0.0002503395080566406,0.0005097389221191406
1047,4.0,0.09368896484375,0.50732421875,0.021759033203125,0.0186004638671875,0.1441650390625,0.161865234375,0.052398681640625
1048,4.0,0.56787109375,0.2900390625,0.00682830810546875,0.0037174224853515625,0.12322998046875,0.00492095947265625,0.00313568115234375
1049,4.0,0.0005893707275390625,0.0831298828125,0.0011539459228515625,0.0017099380493164062,0.9130859375,9.232759475708008e-05,4.3272972106933594e-05
1050,4.0,0.292236328125,0.195068359375,0.0113525390625,0.262939453125,0.1845703125,0.0159912109375,0.037872314453125
1051,4.0,0.08343505859375,0.55419921875,0.04058837890625,0.025665283203125,0.25732421875,0.01337432861328125,0.025177001953125
1052,4.0,0.01239013671875,0.0941162109375,0.2098388671875,0.146484375,0.11444091796875,0.0521240234375,0.37060546875
1053,4.0,0.046966552734375,0.276611328125,0.146240234375,0.1923828125,0.226806640625,0.062744140625,0.0482177734375
1054,4.0,0.06640625,0.489501953125,0.037811279296875,0.1265869140625,0.10064697265625,0.11279296875,0.06622314453125
1055,4.0,0.033905029296875,0.896484375,0.006389617919921875,0.0016260147094726562,0.058502197265625,0.0018739700317382812,0.00098419189453125
1056,4.0,0.285400390625,0.451904296875,0.094970703125,0.0041961669921875,0.130859375,0.01393890380859375,0.01885986328125
1057,4.0,0.036468505859375,0.0308380126953125,0.0760498046875,0.55224609375,0.2232666015625,0.0301666259765625,0.050994873046875
1058,4.0,0.053375244140625,0.0982666015625,0.2425537109375,0.44140625,0.092041015625,0.0247650146484375,0.0474853515625
1059,4.0,0.095458984375,0.1065673828125,0.0966796875,0.32177734375,0.28662109375,0.044586181640625,0.04815673828125
1060,4.0,0.03912353515625,0.322998046875,0.09027099609375,0.267333984375,0.2415771484375,0.019989013671875,0.018646240234375
1061,4.0,0.010711669921875,0.58251953125,0.0016651153564453125,0.01409912109375,0.3857421875,0.003314971923828125,0.002040863037109375
1062,4.0,0.0435791015625,0.05615234375,0.057037353515625,0.39013671875,0.365478515625,0.00518798828125,0.08251953125
1063,4.0,0.0552978515625,0.361083984375,0.0335693359375,0.06695556640625,0.430908203125,0.0157012939453125,0.03662109375
1064,4.0,0.0439453125,0.1422119140625,0.58544921875,0.07391357421875,0.08026123046875,0.0384521484375,0.035491943359375
1065,4.0,0.197509765625,0.133056640625,0.2008056640625,0.0684814453125,0.36669921875,0.00894927978515625,0.0245208740234375
1066,4.0,0.270263671875,0.5390625,0.03692626953125,0.0030422210693359375,0.0572509765625,0.0675048828125,0.0256195068359375
1067,4.0,0.016082763671875,0.175537109375,0.1414794921875,0.2401123046875,0.353271484375,0.041717529296875,0.031768798828125
1068,4.0,0.028961181640625,0.26416015625,0.0457763671875,0.033355712890625,0.61767578125,0.0024127960205078125,0.0079193115234375
1069,4.0,0.00734710693359375,0.89111328125,0.01410675048828125,0.005825042724609375,0.071533203125,0.0055389404296875,0.004795074462890625
1070,4.0,0.06317138671875,0.49365234375,0.0142669677734375,0.085205078125,0.310791015625,0.0154876708984375,0.0175018310546875
1071,4.0,0.0103302001953125,0.059417724609375,0.004650115966796875,0.0019588470458984375,0.9130859375,0.0009255409240722656,0.0094146728515625
1072,4.0,0.10723876953125,0.01293182373046875,0.1104736328125,0.433837890625,0.1258544921875,0.01898193359375,0.190673828125
1073,4.0,0.0289154052734375,0.197021484375,0.06732177734375,0.0709228515625,0.625,0.0030460357666015625,0.007640838623046875
1074,4.0,0.053131103515625,0.23779296875,0.25146484375,0.2310791015625,0.162109375,0.032470703125,0.031982421875
1075,4.0,0.0115966796875,0.55224609375,0.031982421875,0.009918212890625,0.34423828125,0.039886474609375,0.01041412353515625
1076,4.0,0.008636474609375,0.490966796875,0.03472900390625,0.02862548828125,0.2359619140625,0.182373046875,0.0186614990234375
1077,4.0,0.0030689239501953125,0.300048828125,0.0038738250732421875,0.0038967132568359375,0.68798828125,0.0005826950073242188,0.0003445148468017578
1078,4.0,0.38037109375,0.1541748046875,0.077880859375,0.1199951171875,0.2125244140625,0.0165863037109375,0.038543701171875
1079,4.0,0.051544189453125,0.11993408203125,0.04901123046875,0.0267333984375,0.6904296875,0.00940704345703125,0.05291748046875
1080,4.0,0.018707275390625,0.190185546875,0.11431884765625,0.1971435546875,0.303466796875,0.09100341796875,0.08514404296875
1081,4.0,0.08905029296875,0.1666259765625,0.10919189453125,0.2044677734375,0.272705078125,0.026397705078125,0.131591796875
1082,4.0,0.006534576416015625,0.172607421875,0.0205841064453125,0.03253173828125,0.76416015625,0.0009617805480957031,0.0025386810302734375
1083,4.0,0.00247955322265625,0.10601806640625,0.00489044189453125,4.5239925384521484e-05,0.88623046875,0.00025916099548339844,0.00021791458129882812
1084,4.0,0.06512451171875,0.2005615234375,0.0007333755493164062,0.0016126632690429688,0.73046875,0.00042176246643066406,0.0008845329284667969
1085,4.0,0.051605224609375,0.25048828125,0.329345703125,0.0775146484375,0.13671875,0.10150146484375,0.052947998046875
1086,4.0,0.1956787109375,0.5537109375,0.0019626617431640625,0.0030689239501953125,0.2193603515625,0.017303466796875,0.00876617431640625
1087,4.0,0.059906005859375,0.1646728515625,0.238037109375,0.379638671875,0.08892822265625,0.0267333984375,0.042205810546875
1088,4.0,0.05133056640625,0.487060546875,0.062103271484375,0.0180511474609375,0.143310546875,0.19287109375,0.04534912109375
1089,4.0,0.0192718505859375,0.20849609375,0.445068359375,0.029022216796875,0.1600341796875,0.049346923828125,0.08868408203125
1090,4.0,0.0565185546875,0.192626953125,0.38720703125,0.01446533203125,0.286376953125,0.0249481201171875,0.037933349609375
1091,4.0,0.113525390625,0.1357421875,0.1728515625,0.0213165283203125,0.5400390625,0.0030269622802734375,0.0136871337890625
1092,4.0,0.279052734375,0.394775390625,0.01015472412109375,0.0628662109375,0.10162353515625,0.10809326171875,0.04351806640625
1093,4.0,0.01448822021484375,0.217041015625,0.463134765625,0.08251953125,0.145263671875,0.0391845703125,0.038330078125
1094,4.0,0.30322265625,0.196533203125,0.0008015632629394531,0.00189971923828125,0.496826171875,9.09566879272461e-05,0.0007843971252441406
1095,4.0,0.09808349609375,0.3818359375,0.0160980224609375,0.0960693359375,0.1546630859375,0.1785888671875,0.07464599609375
1096,4.0,0.25244140625,0.07159423828125,0.212158203125,0.10186767578125,0.17919921875,0.00986480712890625,0.1729736328125
1097,4.0,0.016754150390625,0.418212890625,0.25048828125,0.09649658203125,0.197265625,0.0133514404296875,0.007373809814453125
1098,4.0,0.0023975372314453125,0.0184783935546875,0.00528717041015625,0.003276824951171875,0.96923828125,0.00029730796813964844,0.00106048583984375
1099,4.0,0.046875,0.09942626953125,0.002193450927734375,0.0002562999725341797,0.8486328125,0.0011034011840820312,0.0013437271118164062
1100,4.0,0.0055084228515625,0.93701171875,0.017791748046875,0.005184173583984375,0.0306549072265625,0.0012006759643554688,0.00267791748046875
1101,4.0,0.015380859375,0.2081298828125,0.0013875961303710938,0.0009112358093261719,0.7734375,0.00010877847671508789,0.0005240440368652344
1102,4.0,0.10003662109375,0.363525390625,0.36083984375,0.0231170654296875,0.043487548828125,0.0760498046875,0.03289794921875
1103,4.0,0.1622314453125,0.57373046875,0.0013866424560546875,0.007038116455078125,0.2310791015625,0.0163116455078125,0.008270263671875
1104,4.0,0.00399017333984375,0.0946044921875,0.0005626678466796875,0.00621795654296875,0.89404296875,0.0002810955047607422,0.00037550926208496094
1105,4.0,0.1070556640625,0.303466796875,0.335693359375,0.046173095703125,0.0718994140625,0.09075927734375,0.04498291015625
1106,4.0,0.03472900390625,0.207275390625,0.00440216064453125,0.004978179931640625,0.74365234375,0.002162933349609375,0.0030269622802734375
1107,4.0,0.0189971923828125,0.0035343170166015625,0.7783203125,0.0279388427734375,0.0240631103515625,0.0062103271484375,0.1407470703125
1108,4.0,0.0794677734375,0.294677734375,0.026214599609375,0.01502227783203125,0.478515625,0.071044921875,0.0350341796875
1109,4.0,0.0675048828125,0.349365234375,0.005680084228515625,0.004016876220703125,0.56494140625,0.0031871795654296875,0.005336761474609375
1110,4.0,0.0167083740234375,0.220947265625,0.037750244140625,0.03778076171875,0.67236328125,0.004364013671875,0.0102691650390625
1111,4.0,0.0291290283203125,0.4091796875,8.130073547363281e-05,3.540515899658203e-05,0.5615234375,8.279085159301758e-05,8.726119995117188e-05
1112,4.0,0.06451416015625,0.12939453125,0.133544921875,0.0655517578125,0.0858154296875,0.0677490234375,0.45361328125
1113,4.0,0.044647216796875,0.341552734375,0.0005965232849121094,0.00034809112548828125,0.60400390625,0.00742340087890625,0.0015354156494140625
1114,4.0,0.0011472702026367188,0.06878662109375,0.0003275871276855469,0.0002460479736328125,0.92919921875,4.13060188293457e-05,4.494190216064453e-05
1115,4.0,0.034271240234375,0.05535888671875,0.01302337646484375,0.0174713134765625,0.875,0.0008921623229980469,0.0038604736328125
1116,4.0,0.0201568603515625,0.098388671875,0.01335906982421875,0.1580810546875,0.6357421875,0.004093170166015625,0.07037353515625
1117,4.0,0.6103515625,0.2186279296875,0.0218658447265625,0.01335906982421875,0.044158935546875,0.0234375,0.068359375
1118,4.0,0.0643310546875,0.253662109375,0.041259765625,0.0179595947265625,0.48828125,0.10321044921875,0.0312042236328125
1119,4.0,0.001434326171875,0.159912109375,0.004673004150390625,0.01136016845703125,0.82177734375,0.0006008148193359375,0.0004253387451171875
1120,4.0,0.006946563720703125,0.2310791015625,0.08892822265625,0.0210418701171875,0.406494140625,0.128173828125,0.11737060546875
1121,4.0,0.0011682510375976562,0.01396942138671875,0.012359619140625,0.0614013671875,0.90673828125,0.00048041343688964844,0.0038604736328125
1122,4.0,0.0523681640625,0.10076904296875,0.00547027587890625,0.0673828125,0.7724609375,0.00049591064453125,0.0009317398071289062
1123,4.0,0.0245819091796875,0.450439453125,0.34033203125,0.021636962890625,0.1112060546875,0.031524658203125,0.020263671875
1124,4.0,0.03692626953125,0.43896484375,0.07421875,0.0635986328125,0.36376953125,0.01441192626953125,0.00803375244140625
1125,4.0,0.1971435546875,0.258056640625,0.220458984375,0.0209808349609375,0.26025390625,0.0281524658203125,0.0149688720703125
1126,4.0,0.018218994140625,0.62158203125,0.0016069412231445312,0.00222015380859375,0.354248046875,0.00107574462890625,0.0009984970092773438
1127,4.0,0.0206756591796875,0.241455078125,0.024810791015625,0.353759765625,0.25537109375,0.0738525390625,0.0302734375
1128,4.0,0.01113128662109375,0.03460693359375,0.00684356689453125,0.4091796875,0.497314453125,0.0025157928466796875,0.038330078125
1129,4.0,0.104248046875,0.444580078125,0.0152130126953125,0.1866455078125,0.2349853515625,0.0086517333984375,0.00560760498046875
1130,4.0,0.041778564453125,0.640625,0.042877197265625,0.061920166015625,0.1544189453125,0.0273284912109375,0.0309295654296875
1131,4.0,0.006214141845703125,0.77197265625,0.01035308837890625,0.0163421630859375,0.1925048828125,0.0008983612060546875,0.001804351806640625
1132,4.0,0.053192138671875,0.1326904296875,0.0009098052978515625,0.0017061233520507812,0.81103515625,0.00015020370483398438,0.00031065940856933594
1133,4.0,0.340087890625,0.1534423828125,0.040618896484375,0.01096343994140625,0.39453125,0.0231475830078125,0.037139892578125
1134,4.0,0.0183868408203125,0.1781005859375,0.036529541015625,0.0653076171875,0.128662109375,0.485107421875,0.08782958984375
1135,4.0,0.071044921875,0.127685546875,0.2060546875,0.2822265625,0.1654052734375,0.06890869140625,0.0787353515625
1136,4.0,0.0167236328125,0.77587890625,0.02288818359375,0.0034961700439453125,0.1744384765625,0.0027446746826171875,0.0038700103759765625
1137,4.0,0.00650787353515625,0.04534912109375,0.0640869140625,0.2249755859375,0.54736328125,0.009185791015625,0.10260009765625
1138,4.0,0.08843994140625,0.53173828125,0.059112548828125,0.0304107666015625,0.2225341796875,0.035980224609375,0.03192138671875
1139,4.0,0.2015380859375,0.2607421875,0.0018749237060546875,0.0204925537109375,0.5078125,0.0018491744995117188,0.00569915771484375
1140,4.0,0.010650634765625,0.72021484375,0.0860595703125,0.07159423828125,0.09832763671875,0.00946807861328125,0.003551483154296875
1141,4.0,0.0008983612060546875,0.0653076171875,0.00027441978454589844,0.002269744873046875,0.93017578125,0.0005326271057128906,0.0004532337188720703
1142,4.0,0.0139923095703125,0.2042236328125,0.022430419921875,0.1092529296875,0.5849609375,0.012939453125,0.0521240234375
1143,4.0,0.0838623046875,0.384521484375,0.078125,0.1260986328125,0.171142578125,0.10723876953125,0.0489501953125
1144,4.0,0.0024890899658203125,0.0472412109375,0.0069427490234375,0.017059326171875,0.92138671875,0.0007414817810058594,0.00432586669921875
1145,4.0,0.07073974609375,0.72412109375,0.0023822784423828125,0.00140380859375,0.197998046875,0.0024204254150390625,0.0008716583251953125
1146,4.0,0.00592803955078125,0.0236358642578125,0.243896484375,0.50830078125,0.006103515625,0.160400390625,0.051910400390625
1147,4.0,0.139892578125,0.2471923828125,0.1754150390625,0.1207275390625,0.227294921875,0.03076171875,0.058624267578125
1148,4.0,0.03302001953125,0.2001953125,0.14697265625,0.189208984375,0.40966796875,0.006847381591796875,0.01395416259765625
1149,4.0,0.043212890625,0.18896484375,0.0413818359375,0.07781982421875,0.59765625,0.02789306640625,0.023193359375
1150,4.0,0.0027008056640625,0.1658935546875,0.00183868408203125,1.9431114196777344e-05,0.8291015625,0.0002617835998535156,0.00013554096221923828
1151,4.0,0.01061248779296875,0.0242156982421875,0.0005216598510742188,0.002674102783203125,0.9619140625,5.78761100769043e-05,7.891654968261719e-05
1152,4.0,0.050750732421875,0.2138671875,0.0157623291015625,0.0010747909545898438,0.7138671875,0.0025787353515625,0.0022716522216796875
1153,4.0,0.0889892578125,0.2208251953125,0.3154296875,0.206298828125,0.09930419921875,0.030670166015625,0.0384521484375
1154,4.0,0.189697265625,0.501953125,0.01812744140625,0.030303955078125,0.1070556640625,0.11907958984375,0.033538818359375
1155,4.0,0.07476806640625,0.1256103515625,0.02154541015625,0.01123809814453125,0.75390625,0.00559234619140625,0.007110595703125
1156,4.0,0.204833984375,0.334228515625,0.00540924072265625,0.00870513916015625,0.441162109375,0.0012292861938476562,0.004329681396484375
1157,4.0,0.30322265625,0.2425537109375,0.029510498046875,0.0118408203125,0.352783203125,0.0254364013671875,0.034576416015625
1158,4.0,0.01983642578125,0.3310546875,0.2802734375,0.059173583984375,0.283935546875,0.01202392578125,0.01361083984375
1159,4.0,0.07965087890625,0.321044921875,0.0157012939453125,0.1142578125,0.2462158203125,0.0989990234375,0.12420654296875
1160,4.0,0.1268310546875,0.46875,0.01311492919921875,0.033660888671875,0.052276611328125,0.27587890625,0.029510498046875
1161,4.0,0.06231689453125,0.19140625,0.00262451171875,0.0159454345703125,0.72509765625,0.0012722015380859375,0.0014352798461914062
1162,4.0,0.0036754608154296875,0.05743408203125,0.0253143310546875,0.0638427734375,0.83984375,0.002658843994140625,0.007030487060546875
1163,4.0,0.0045928955078125,0.95703125,0.002407073974609375,0.002658843994140625,0.0159912109375,0.014373779296875,0.0030040740966796875
1164,4.0,0.08331298828125,0.6591796875,0.0635986328125,0.0189971923828125,0.1180419921875,0.039031982421875,0.01788330078125
1165,4.0,0.09027099609375,0.3212890625,0.38720703125,0.0171356201171875,0.1484375,0.0170745849609375,0.0185089111328125
1166,4.0,0.490478515625,0.1590576171875,0.0552978515625,0.01007843017578125,0.255126953125,0.005767822265625,0.0240936279296875
1167,4.0,0.10955810546875,0.64990234375,0.020263671875,0.0252227783203125,0.1800537109375,0.00719451904296875,0.00800323486328125
1168,4.0,0.08697509765625,0.33740234375,0.0030689239501953125,0.00528717041015625,0.56298828125,0.0020771026611328125,0.0023555755615234375
1169,4.0,0.01131439208984375,0.1343994140625,0.10113525390625,0.2108154296875,0.123046875,0.1368408203125,0.282470703125
1170,4.0,0.258056640625,0.06982421875,0.1727294921875,0.174560546875,0.047393798828125,0.08935546875,0.18798828125
1171,4.0,0.134033203125,0.498291015625,0.039031982421875,0.006908416748046875,0.30224609375,0.01509857177734375,0.004550933837890625
1172,4.0,0.03912353515625,0.1781005859375,0.09820556640625,0.272705078125,0.0183563232421875,0.2406005859375,0.1529541015625
1173,4.0,0.255859375,0.33154296875,0.1004638671875,0.0256195068359375,0.269287109375,0.0094757080078125,0.007781982421875
1174,4.0,0.035400390625,0.01136016845703125,0.0765380859375,0.0526123046875,0.141845703125,0.01100921630859375,0.67138671875
1175,4.0,0.0440673828125,0.7060546875,0.007598876953125,0.0201263427734375,0.07904052734375,0.10589599609375,0.0374755859375
1176,4.0,0.023590087890625,0.03857421875,0.053375244140625,0.0128631591796875,0.22900390625,0.011749267578125,0.630859375
1177,4.0,0.0147857666015625,0.07666015625,0.002925872802734375,0.2147216796875,0.66357421875,0.007568359375,0.019866943359375
1178,4.0,0.0191497802734375,0.1806640625,0.0654296875,0.09393310546875,0.476806640625,0.089599609375,0.074462890625
1179,4.0,0.017852783203125,0.70751953125,0.041900634765625,0.0035343170166015625,0.21826171875,0.00293731689453125,0.00809478759765625
1180,4.0,0.01493072509765625,0.2032470703125,0.1756591796875,0.430908203125,0.12274169921875,0.0206451416015625,0.032012939453125
1181,4.0,0.048828125,0.50537109375,0.00835418701171875,0.00603485107421875,0.389892578125,0.0214385986328125,0.0200958251953125
1182,4.0,0.58154296875,0.09149169921875,0.0094146728515625,0.116455078125,0.052490234375,0.0313720703125,0.11724853515625
1183,4.0,0.032867431640625,0.728515625,0.08984375,0.0018520355224609375,0.1263427734375,0.012542724609375,0.0082550048828125
1184,4.0,0.0302734375,0.0212249755859375,0.1256103515625,0.465576171875,0.1473388671875,0.01436614990234375,0.195556640625
1185,4.0,0.003635406494140625,0.145263671875,0.007190704345703125,0.037506103515625,0.80224609375,0.0016012191772460938,0.0026111602783203125
1186,4.0,0.018707275390625,0.33447265625,0.041778564453125,0.28125,0.302734375,0.01441192626953125,0.006496429443359375
1187,4.0,0.03814697265625,0.331298828125,0.125244140625,0.1341552734375,0.313720703125,0.02069091796875,0.03680419921875
1188,4.0,0.04119873046875,0.00878143310546875,0.0023403167724609375,0.1148681640625,0.83251953125,8.785724639892578e-05,0.0003654956817626953
1189,4.0,0.004558563232421875,0.033416748046875,9.500980377197266e-05,4.690885543823242e-05,0.9619140625,7.021427154541016e-05,3.5762786865234375e-05
1190,4.0,0.051971435546875,0.068359375,0.495849609375,0.00545501708984375,0.35791015625,0.0082244873046875,0.01241302490234375
1191,4.0,0.039459228515625,0.271484375,0.0692138671875,0.04388427734375,0.52197265625,0.013214111328125,0.0408935546875
1192,4.0,0.09765625,0.26513671875,0.1097412109375,0.119384765625,0.35009765625,0.01338958740234375,0.0445556640625
1193,4.0,0.00502777099609375,0.908203125,0.0190582275390625,0.0076904296875,0.03460693359375,0.0189666748046875,0.006591796875
1194,4.0,0.1033935546875,0.197021484375,0.00388336181640625,0.0023250579833984375,0.69189453125,0.0004863739013671875,0.0011692047119140625
1195,4.0,0.037689208984375,0.2467041015625,0.005168914794921875,0.0257568359375,0.67822265625,0.0025691986083984375,0.0037708282470703125
1196,4.0,0.10382080078125,0.189697265625,0.0114898681640625,0.01224517822265625,0.673828125,0.0027904510498046875,0.006374359130859375
1197,4.0,0.01535797119140625,0.457275390625,0.07806396484375,0.0306396484375,0.378662109375,0.01044464111328125,0.0296478271484375
1198,4.0,0.0048980712890625,0.40185546875,0.2099609375,0.03570556640625,0.34033203125,0.00359344482421875,0.0035724639892578125
1199,4.0,0.08160400390625,0.39697265625,0.00432586669921875,0.013763427734375,0.493896484375,0.005504608154296875,0.0039215087890625
1200,4.0,0.00891876220703125,0.461669921875,0.095703125,0.2939453125,0.0986328125,0.0275115966796875,0.01369476318359375
1201,4.0,0.007602691650390625,0.187255859375,0.224853515625,0.488037109375,0.052642822265625,0.02410888671875,0.01538848876953125
1202,4.0,0.0382080078125,0.2415771484375,0.00926971435546875,0.0056610107421875,0.64697265625,0.042694091796875,0.01540374755859375
1203,4.0,0.006725311279296875,0.344482421875,0.01422882080078125,0.016204833984375,0.603515625,0.00905609130859375,0.005641937255859375
1204,4.0,0.0277252197265625,0.306640625,0.0924072265625,0.1571044921875,0.1624755859375,0.087158203125,0.1666259765625
1205,4.0,0.070556640625,0.44677734375,0.11553955078125,0.147216796875,0.145751953125,0.0213470458984375,0.052764892578125
1206,4.0,0.048980712890625,0.2196044921875,0.1446533203125,0.047821044921875,0.490966796875,0.0255584716796875,0.022552490234375
1207,4.0,0.2724609375,0.298583984375,0.039276123046875,0.058197021484375,0.296875,0.01126861572265625,0.023193359375
1208,4.0,0.043609619140625,0.1810302734375,0.484619140625,0.01415252685546875,0.245849609375,0.01177215576171875,0.0189971923828125
1209,4.0,0.1534423828125,0.143310546875,0.0039215087890625,0.00018095970153808594,0.6982421875,0.00047779083251953125,0.00048732757568359375
1210,4.0,0.008575439453125,0.1507568359375,0.03509521484375,0.0264892578125,0.7353515625,0.019134521484375,0.024749755859375
1211,4.0,0.02294921875,0.4345703125,0.0021038055419921875,0.0024013519287109375,0.53564453125,0.0004780292510986328,0.0018329620361328125
1212,4.0,0.25439453125,0.189453125,0.0008335113525390625,0.003482818603515625,0.54833984375,0.0017786026000976562,0.0020008087158203125
1213,4.0,0.01418304443359375,0.23046875,0.38232421875,0.22216796875,0.09356689453125,0.024169921875,0.03314208984375
1214,4.0,0.232421875,0.140869140625,0.0285491943359375,0.11376953125,0.475341796875,0.0028553009033203125,0.006198883056640625
1215,4.0,0.0211944580078125,0.268798828125,0.11767578125,0.06463623046875,0.1048583984375,0.349609375,0.0732421875
1216,4.0,0.04736328125,0.473876953125,0.0011205673217773438,0.0018548965454101562,0.470947265625,0.001983642578125,0.002811431884765625
1217,4.0,0.00174713134765625,0.1407470703125,0.004528045654296875,0.0328369140625,0.814453125,0.001667022705078125,0.00394439697265625
1218,4.0,0.0182037353515625,0.190673828125,0.28857421875,0.1260986328125,0.204833984375,0.09332275390625,0.07830810546875
1219,4.0,0.0914306640625,0.328369140625,0.0033416748046875,0.0029659271240234375,0.513671875,0.03643798828125,0.023956298828125
1220,4.0,0.074462890625,0.1405029296875,0.0239105224609375,0.0289459228515625,0.724609375,0.00440216064453125,0.0029392242431640625
1221,4.0,0.0289306640625,0.420654296875,0.033203125,0.0160064697265625,0.480224609375,0.006565093994140625,0.014404296875
1222,4.0,0.04693603515625,0.161376953125,0.2171630859375,0.181396484375,0.1524658203125,0.10699462890625,0.1337890625
1223,4.0,0.02203369140625,0.81640625,0.0237884521484375,0.01123046875,0.09222412109375,0.0203094482421875,0.013885498046875
1224,4.0,0.1103515625,0.2294921875,0.2239990234375,0.180419921875,0.034515380859375,0.09735107421875,0.12384033203125
1225,4.0,0.00975799560546875,0.031768798828125,0.2587890625,0.28662109375,0.0726318359375,0.031463623046875,0.308837890625
1226,4.0,0.017333984375,0.1292724609375,0.49609375,0.1434326171875,0.054718017578125,0.10693359375,0.05218505859375
1227,4.0,0.08489990234375,0.033447265625,0.0794677734375,0.1639404296875,0.5673828125,0.0021190643310546875,0.068603515625
1228,4.0,0.051544189453125,0.22216796875,0.0394287109375,0.0506591796875,0.04791259765625,0.3837890625,0.2044677734375
1229,4.0,0.01337432861328125,0.040557861328125,0.61962890625,0.1998291015625,0.07550048828125,0.01885986328125,0.031982421875
1230,4.0,0.015655517578125,0.074462890625,0.436767578125,0.136962890625,0.0458984375,0.006969451904296875,0.283447265625
1231,4.0,0.07806396484375,0.31591796875,0.009735107421875,0.01233673095703125,0.55908203125,0.01073455810546875,0.01432037353515625
1232,4.0,0.0321044921875,0.2529296875,0.501953125,0.0780029296875,0.0997314453125,0.01837158203125,0.0168304443359375
1233,4.0,0.10345458984375,0.011199951171875,0.1715087890625,0.054840087890625,0.0628662109375,0.0193328857421875,0.57666015625
1234,4.0,0.039337158203125,0.08673095703125,0.1533203125,0.196533203125,0.458251953125,0.016510009765625,0.04925537109375
1235,4.0,0.01474761962890625,0.1351318359375,0.138916015625,0.6708984375,0.0209503173828125,0.00875091552734375,0.01081085205078125
1236,4.0,0.00225830078125,0.137939453125,0.0012159347534179688,9.363889694213867e-05,0.8583984375,4.494190216064453e-05,7.677078247070312e-05
1237,4.0,0.032012939453125,0.39697265625,0.006351470947265625,0.0011415481567382812,0.56201171875,0.0006451606750488281,0.0008821487426757812
1238,4.0,0.04730224609375,0.05548095703125,0.1671142578125,0.32373046875,0.256103515625,0.0118865966796875,0.1383056640625
1239,4.0,0.047454833984375,0.53173828125,0.1295166015625,0.0286865234375,0.240234375,0.0083465576171875,0.013885498046875
1240,4.0,0.01270294189453125,0.0684814453125,0.5615234375,0.0667724609375,0.079833984375,0.0196685791015625,0.19091796875
1241,4.0,0.01253509521484375,0.100341796875,0.35888671875,0.3828125,0.107177734375,0.011260986328125,0.0269012451171875
1242,4.0,0.38720703125,0.2646484375,0.0089569091796875,0.006622314453125,0.32470703125,0.003955841064453125,0.003986358642578125
1243,4.0,0.015960693359375,0.09405517578125,0.12432861328125,0.0919189453125,0.65380859375,0.007434844970703125,0.01259613037109375
1244,4.0,0.01348114013671875,0.12237548828125,0.0309295654296875,0.440673828125,0.3681640625,0.005092620849609375,0.0192108154296875
1245,4.0,0.0225982666015625,0.185302734375,0.10955810546875,0.031829833984375,0.63720703125,0.006587982177734375,0.00669097900390625
1246,4.0,0.01393890380859375,0.16064453125,0.0009417533874511719,0.00033545494079589844,0.822265625,0.0007200241088867188,0.0008759498596191406
1247,4.0,0.034576416015625,0.09478759765625,0.0009031295776367188,0.001308441162109375,0.85888671875,0.004238128662109375,0.005451202392578125
1248,4.0,0.47607421875,0.06634521484375,0.0038433074951171875,0.00417327880859375,0.4482421875,0.00036787986755371094,0.0009069442749023438
1249,4.0,0.115234375,0.10479736328125,0.059112548828125,0.08148193359375,0.63232421875,0.0023517608642578125,0.004856109619140625
1250,4.0,0.010040283203125,0.041259765625,0.4248046875,0.1092529296875,0.0291748046875,0.0275421142578125,0.35791015625
1251,4.0,0.04412841796875,0.041656494140625,0.369140625,0.039031982421875,0.471923828125,0.003162384033203125,0.0309600830078125
1252,4.0,0.01153564453125,0.474853515625,0.09503173828125,0.2171630859375,0.186279296875,0.0079803466796875,0.007015228271484375
1253,4.0,0.035003662109375,0.256591796875,0.239990234375,0.044586181640625,0.283935546875,0.0863037109375,0.053466796875
1254,4.0,0.027587890625,0.174072265625,0.037139892578125,0.0180206298828125,0.7314453125,0.003421783447265625,0.008148193359375
1255,4.0,0.01099395751953125,0.042999267578125,0.2763671875,0.0908203125,0.02886962890625,0.282958984375,0.26708984375
1256,4.0,0.1578369140625,0.57568359375,0.06146240234375,0.0031414031982421875,0.19677734375,0.0026702880859375,0.002384185791015625
1257,4.0,0.033111572265625,0.377197265625,0.0372314453125,0.10699462890625,0.312255859375,0.0623779296875,0.07086181640625
1258,4.0,0.06622314453125,0.320068359375,0.00150299072265625,0.005565643310546875,0.60498046875,0.0007643699645996094,0.0007996559143066406
1259,4.0,0.0887451171875,0.1944580078125,0.440185546875,0.05615234375,0.154296875,0.023101806640625,0.043182373046875
1260,4.0,0.042205810546875,0.04864501953125,0.10888671875,0.09527587890625,0.68505859375,0.00604248046875,0.0139312744140625
1261,4.0,0.154296875,0.556640625,0.004863739013671875,0.0259246826171875,0.2447509765625,0.00862884521484375,0.004669189453125
1262,4.0,0.06817626953125,0.303466796875,0.0013275146484375,0.0032062530517578125,0.62255859375,0.0005211830139160156,0.0007729530334472656
1263,4.0,0.018829345703125,0.11602783203125,0.0277252197265625,0.332763671875,0.03289794921875,0.383544921875,0.088134765625
1264,4.0,0.00986480712890625,0.032806396484375,0.10064697265625,0.1553955078125,0.591796875,0.008331298828125,0.10137939453125
1265,4.0,0.1229248046875,0.1922607421875,0.4111328125,0.18603515625,0.033233642578125,0.035003662109375,0.019256591796875
1266,4.0,0.028472900390625,0.806640625,0.0032024383544921875,0.0016698837280273438,0.15673828125,0.0009226799011230469,0.0021533966064453125
1267,4.0,0.0692138671875,0.63525390625,0.007564544677734375,0.0058746337890625,0.25244140625,0.0202178955078125,0.00937652587890625
1268,4.0,0.0626220703125,0.052947998046875,0.006290435791015625,0.029998779296875,0.84716796875,0.00018203258514404297,0.0009260177612304688
1269,5.0,0.0033664703369140625,0.219482421875,0.1622314453125,0.160888671875,0.006336212158203125,0.43310546875,0.0144500732421875
1270,5.0,0.004016876220703125,0.04083251953125,0.0204620361328125,0.01267242431640625,0.0009984970092773438,0.9130859375,0.0079498291015625
1271,5.0,0.02606201171875,0.1602783203125,0.19775390625,0.1973876953125,0.04925537109375,0.1824951171875,0.186767578125
1272,5.0,0.063720703125,0.82958984375,0.0155181884765625,0.0185089111328125,0.034088134765625,0.026611328125,0.01197052001953125
1273,5.0,0.00684356689453125,0.027679443359375,0.01094818115234375,0.005558013916015625,0.0018167495727539062,0.92138671875,0.0258331298828125
1274,5.0,0.0078125,0.1077880859375,0.63427734375,0.096435546875,0.0147705078125,0.11077880859375,0.02825927734375
1275,5.0,0.179443359375,0.60693359375,0.0184478759765625,0.024658203125,0.092529296875,0.0192718505859375,0.0587158203125
1276,5.0,0.038665771484375,0.72216796875,0.1412353515625,0.03466796875,0.001201629638671875,0.047027587890625,0.01480865478515625
1277,5.0,0.0155029296875,0.07525634765625,0.26708984375,0.0206146240234375,0.004283905029296875,0.57666015625,0.040435791015625
1278,5.0,0.01102447509765625,0.116455078125,0.0130157470703125,0.0167388916015625,0.01230621337890625,0.75390625,0.07635498046875
1279,5.0,0.2093505859375,0.21826171875,0.0328369140625,0.14501953125,0.19482421875,0.109375,0.09033203125
1280,5.0,0.3779296875,0.3115234375,0.04681396484375,0.057891845703125,0.0221099853515625,0.15625,0.02740478515625
1281,5.0,0.04388427734375,0.373779296875,0.1639404296875,0.0765380859375,0.032501220703125,0.15478515625,0.1544189453125
1282,5.0,0.01119232177734375,0.33154296875,0.156005859375,0.12347412109375,0.0234832763671875,0.2496337890625,0.1046142578125
1283,5.0,0.06292724609375,0.1405029296875,0.1383056640625,0.07659912109375,0.037750244140625,0.2230224609375,0.32080078125
1284,5.0,0.0014085769653320312,0.399658203125,0.00347900390625,0.034881591796875,0.00646209716796875,0.5224609375,0.031768798828125
1285,5.0,0.0272674560546875,0.367431640625,0.005374908447265625,0.01971435546875,0.11224365234375,0.440673828125,0.027435302734375
1286,5.0,0.012115478515625,0.00518035888671875,0.1722412109375,0.53466796875,0.11248779296875,0.01491546630859375,0.1484375
1287,5.0,0.0016813278198242188,0.000995635986328125,0.0270843505859375,0.54931640625,0.0361328125,0.0030612945556640625,0.3818359375
1288,5.0,0.0167083740234375,0.35498046875,0.032073974609375,0.022918701171875,0.49755859375,0.03662109375,0.03924560546875
1289,5.0,0.025054931640625,0.499755859375,0.06988525390625,0.037841796875,0.009521484375,0.33349609375,0.024383544921875
1290,5.0,0.0015316009521484375,0.0156707763671875,0.00865936279296875,0.00212860107421875,0.0016336441040039062,0.93701171875,0.033538818359375
1291,5.0,0.041473388671875,0.1551513671875,0.1767578125,0.10443115234375,0.038665771484375,0.2744140625,0.209228515625
1292,5.0,0.0823974609375,0.050323486328125,0.48486328125,0.18115234375,0.09185791015625,0.018890380859375,0.090576171875
1293,5.0,0.032379150390625,0.2384033203125,0.212646484375,0.1229248046875,0.037261962890625,0.2357177734375,0.12078857421875
1294,5.0,0.024871826171875,0.3056640625,0.327880859375,0.1424560546875,0.12298583984375,0.0218353271484375,0.0543212890625
1295,5.0,0.0285186767578125,0.4140625,0.004451751708984375,0.00396728515625,0.42236328125,0.06317138671875,0.06341552734375
1296,5.0,0.09063720703125,0.63037109375,0.0294647216796875,0.02325439453125,0.00856781005859375,0.163330078125,0.05450439453125
1297,5.0,0.017608642578125,0.03289794921875,0.0828857421875,0.00675201416015625,0.00582122802734375,0.783203125,0.0706787109375
1298,5.0,0.051483154296875,0.1866455078125,0.063232421875,0.108154296875,0.0256500244140625,0.25146484375,0.3134765625
1299,5.0,0.40625,0.2021484375,0.005535125732421875,0.003925323486328125,0.23974609375,0.05096435546875,0.09136962890625
1300,5.0,0.00273895263671875,0.78955078125,0.01480865478515625,0.0218658447265625,0.003192901611328125,0.16455078125,0.003231048583984375
1301,5.0,0.001178741455078125,0.03472900390625,0.002353668212890625,0.0016813278198242188,5.7756900787353516e-05,0.95703125,0.0031566619873046875
1302,5.0,0.10809326171875,0.07720947265625,0.240966796875,0.22216796875,0.166259765625,0.085205078125,0.10015869140625
1303,5.0,0.01082611083984375,0.6884765625,0.1070556640625,0.0188140869140625,0.08209228515625,0.07781982421875,0.01497650146484375
1304,5.0,0.0131988525390625,0.6279296875,0.047576904296875,0.00995635986328125,0.03521728515625,0.2474365234375,0.0186767578125
1305,5.0,0.0107574462890625,0.09063720703125,0.2509765625,0.098388671875,0.04376220703125,0.2484130859375,0.257080078125
1306,5.0,0.00699615478515625,0.279541015625,0.211669921875,0.1353759765625,0.03167724609375,0.296875,0.037689208984375
1307,5.0,0.0109100341796875,0.040283203125,0.06317138671875,0.01529693603515625,0.0020503997802734375,0.72705078125,0.1412353515625
1308,5.0,0.0008425712585449219,0.03753662109375,0.040283203125,0.005519866943359375,0.0006117820739746094,0.91162109375,0.0038204193115234375
1309,5.0,0.034576416015625,0.6875,0.03253173828125,0.02740478515625,0.1605224609375,0.03533935546875,0.022064208984375
1310,5.0,0.04193115234375,0.0009589195251464844,0.82861328125,0.0017900466918945312,0.0033740997314453125,0.002529144287109375,0.12078857421875
1311,5.0,0.0037136077880859375,0.1326904296875,0.0212554931640625,0.049652099609375,0.0294189453125,0.65966796875,0.103515625
1312,5.0,0.027984619140625,0.51171875,0.08282470703125,0.05511474609375,0.0141143798828125,0.25927734375,0.048919677734375
1313,5.0,0.059906005859375,0.64501953125,0.017425537109375,0.0182342529296875,0.0927734375,0.07672119140625,0.090087890625
1314,5.0,0.004367828369140625,0.061920166015625,0.022796630859375,0.01165008544921875,0.00252532958984375,0.8544921875,0.04205322265625
1315,5.0,0.0654296875,0.462890625,0.05462646484375,0.10211181640625,0.0693359375,0.095703125,0.1500244140625
1316,5.0,0.0181121826171875,0.1217041015625,0.2548828125,0.00395965576171875,0.00804901123046875,0.4150390625,0.1783447265625
1317,5.0,0.094482421875,0.08868408203125,0.09405517578125,0.086181640625,0.0209503173828125,0.37255859375,0.2431640625
1318,5.0,0.015167236328125,0.1749267578125,0.49462890625,0.1585693359375,0.0286712646484375,0.09814453125,0.029998779296875
1319,5.0,0.1485595703125,0.6083984375,0.0083465576171875,0.01551055908203125,0.08001708984375,0.06781005859375,0.07110595703125
1320,5.0,0.036590576171875,0.61376953125,0.048370361328125,0.0288543701171875,0.007099151611328125,0.185302734375,0.08026123046875
1321,5.0,0.1492919921875,0.4716796875,0.01325225830078125,0.015106201171875,0.0236968994140625,0.29443359375,0.03265380859375
1322,5.0,0.1358642578125,0.630859375,0.1026611328125,0.0038776397705078125,0.0077056884765625,0.1114501953125,0.007549285888671875
1323,5.0,0.026519775390625,0.525390625,0.0209808349609375,0.0380859375,0.257080078125,0.08575439453125,0.04632568359375
1324,5.0,0.01276397705078125,0.73486328125,0.01195526123046875,0.006885528564453125,0.1611328125,0.032684326171875,0.039794921875
1325,5.0,0.1251220703125,0.3115234375,0.1884765625,0.1448974609375,0.026397705078125,0.1619873046875,0.04156494140625
1326,5.0,0.01541900634765625,0.064208984375,0.2607421875,0.0229949951171875,0.0025310516357421875,0.6181640625,0.01617431640625
1327,5.0,0.01309967041015625,0.12493896484375,0.0614013671875,0.23876953125,0.11126708984375,0.409912109375,0.04071044921875
1328,5.0,0.032318115234375,0.048583984375,0.0185394287109375,0.017608642578125,0.0026226043701171875,0.8515625,0.028656005859375
1329,5.0,0.14599609375,0.252685546875,0.062744140625,0.1177978515625,0.173828125,0.158203125,0.08868408203125
1330,5.0,0.1263427734375,0.38037109375,0.11285400390625,0.088623046875,0.07305908203125,0.12420654296875,0.094482421875
1331,5.0,0.0989990234375,0.7119140625,0.040191650390625,0.0193328857421875,0.00276947021484375,0.1099853515625,0.016937255859375
1332,5.0,0.003841400146484375,0.5283203125,0.2178955078125,0.08441162109375,0.03070068359375,0.105224609375,0.0297088623046875
1333,5.0,0.01108551025390625,0.062469482421875,0.050567626953125,0.06329345703125,0.0277557373046875,0.65234375,0.132568359375
1334,5.0,0.0662841796875,0.477783203125,0.053009033203125,0.0982666015625,0.0748291015625,0.189697265625,0.04022216796875
1335,5.0,0.00972747802734375,0.1854248046875,0.0191802978515625,0.067626953125,0.04193115234375,0.28125,0.394775390625
1336,5.0,0.004230499267578125,0.5224609375,0.2919921875,0.100830078125,0.0302581787109375,0.042083740234375,0.00783538818359375
1337,5.0,0.142822265625,0.17919921875,0.1326904296875,0.0560302734375,0.04547119140625,0.10552978515625,0.338134765625
1338,5.0,0.1329345703125,0.234130859375,0.05694580078125,0.09185791015625,0.08990478515625,0.259765625,0.1343994140625
1339,5.0,0.00289154052734375,0.1724853515625,0.00370025634765625,0.007205963134765625,0.003833770751953125,0.7900390625,0.01995849609375
1340,5.0,0.0020542144775390625,0.071533203125,0.05194091796875,0.0128326416015625,0.00153350830078125,0.845703125,0.0146331787109375
1341,5.0,0.0872802734375,0.13525390625,0.1448974609375,0.06134033203125,0.0207061767578125,0.496337890625,0.05426025390625
1342,5.0,0.032470703125,0.783203125,0.0053863525390625,0.00974273681640625,0.0056915283203125,0.1536865234375,0.00968170166015625
1343,5.0,0.07635498046875,0.168212890625,0.2432861328125,0.0291290283203125,0.08709716796875,0.0926513671875,0.30322265625
1344,6.0,0.1275634765625,0.04766845703125,0.64599609375,0.0469970703125,0.03070068359375,0.007274627685546875,0.0938720703125
1345,6.0,0.227783203125,0.021026611328125,0.09771728515625,0.006130218505859375,0.0181884765625,0.0266876220703125,0.6025390625
1346,6.0,0.2392578125,0.08642578125,0.2139892578125,0.015625,0.021026611328125,0.110595703125,0.31298828125
1347,6.0,0.005565643310546875,0.0199127197265625,0.1376953125,0.07415771484375,0.0111236572265625,0.21826171875,0.533203125
1348,6.0,0.0396728515625,0.00928497314453125,0.31689453125,0.0240936279296875,0.008209228515625,0.2210693359375,0.380859375
1349,6.0,0.06573486328125,0.0061492919921875,0.304443359375,0.1051025390625,0.021575927734375,0.015869140625,0.48095703125
1350,6.0,0.01207733154296875,0.04412841796875,0.10980224609375,0.497314453125,0.013885498046875,0.042572021484375,0.2802734375
1351,6.0,0.01238250732421875,0.0086212158203125,0.19482421875,0.0307159423828125,0.04840087890625,0.014129638671875,0.69091796875
1352,6.0,0.059417724609375,0.040130615234375,0.2607421875,0.2325439453125,0.2457275390625,0.01364898681640625,0.1478271484375
1353,6.0,0.0162353515625,0.0143890380859375,0.4384765625,0.051361083984375,0.0168914794921875,0.01812744140625,0.444580078125
1354,6.0,0.01021575927734375,0.04461669921875,0.42822265625,0.400634765625,0.0687255859375,0.01137542724609375,0.036285400390625
1355,6.0,0.019622802734375,0.027008056640625,0.11083984375,0.115234375,0.0697021484375,0.02996826171875,0.62744140625
1356,6.0,0.0535888671875,0.00463104248046875,0.0184783935546875,0.03167724609375,0.01554107666015625,0.01213836669921875,0.86376953125
1357,6.0,0.0083465576171875,0.00058746337890625,0.011749267578125,0.014251708984375,0.003879547119140625,0.0070953369140625,0.9541015625
1358,6.0,0.06365966796875,0.1739501953125,0.09912109375,0.0911865234375,0.5,0.0236968994140625,0.048431396484375
1359,6.0,0.08935546875,0.002208709716796875,0.089111328125,0.0234375,0.01261138916015625,0.018096923828125,0.76513671875
1360,6.0,0.00342559814453125,0.00031948089599609375,0.01360321044921875,0.017669677734375,0.003147125244140625,0.0023345947265625,0.95947265625
1361,6.0,0.0270843505859375,0.004940032958984375,0.0251312255859375,0.004726409912109375,0.030731201171875,0.00679779052734375,0.900390625
1362,6.0,0.10113525390625,0.04974365234375,0.059112548828125,0.005710601806640625,0.0134429931640625,0.400634765625,0.3701171875
1363,6.0,0.07427978515625,0.05938720703125,0.267578125,0.007354736328125,0.0056610107421875,0.46044921875,0.1253662109375
1364,6.0,0.00791168212890625,0.0037250518798828125,0.62646484375,0.037200927734375,0.00738525390625,0.01332855224609375,0.30419921875
1365,6.0,0.00841522216796875,0.002872467041015625,0.190673828125,0.042388916015625,0.00629425048828125,0.00844573974609375,0.74072265625
1366,6.0,0.0210418701171875,0.021240234375,0.46240234375,0.168701171875,0.0137939453125,0.08856201171875,0.224365234375
1367,6.0,0.0176849365234375,0.00435638427734375,0.50341796875,0.0084686279296875,0.0030231475830078125,0.0124359130859375,0.450439453125
1368,6.0,0.0162506103515625,0.020904541015625,0.3115234375,0.039947509765625,0.023193359375,0.00984954833984375,0.578125
1369,6.0,0.044677734375,0.005733489990234375,0.6689453125,0.02996826171875,0.006988525390625,0.007366180419921875,0.2362060546875
1370,6.0,0.01068878173828125,0.020294189453125,0.548828125,0.145751953125,0.1502685546875,0.0205230712890625,0.10382080078125
1371,6.0,0.02960205078125,0.0296783447265625,0.81884765625,0.0311737060546875,0.037353515625,0.0071258544921875,0.04638671875
1372,6.0,0.00238800048828125,0.00623321533203125,0.0050201416015625,0.818359375,0.1348876953125,0.0009284019470214844,0.032318115234375
1373,6.0,0.0211944580078125,0.01546478271484375,0.0772705078125,0.35595703125,0.5107421875,0.0025081634521484375,0.0166473388671875
1374,6.0,0.00885009765625,0.048858642578125,0.136962890625,0.476318359375,0.296630859375,0.003482818603515625,0.02899169921875
1375,6.0,0.064453125,0.321044921875,0.2259521484375,0.0706787109375,0.10894775390625,0.07122802734375,0.1378173828125
1376,6.0,0.0086517333984375,0.002399444580078125,0.52734375,0.0794677734375,0.026153564453125,0.006221771240234375,0.349853515625
1377,6.0,0.0309295654296875,0.15869140625,0.2529296875,0.278564453125,0.07275390625,0.067626953125,0.138427734375
1378,6.0,0.0012750625610351562,0.0023860931396484375,0.01508331298828125,0.88671875,0.0082855224609375,0.0020694732666015625,0.08404541015625
1379,6.0,0.023223876953125,0.05914306640625,0.8642578125,0.0241851806640625,0.01294708251953125,0.0034637451171875,0.01282501220703125
1380,6.0,0.049957275390625,0.00725555419921875,0.28515625,0.25537109375,0.09429931640625,0.003459930419921875,0.30419921875
1381,6.0,0.05706787109375,0.011322021484375,0.08905029296875,0.047515869140625,0.0174560546875,0.030426025390625,0.7470703125
1382,6.0,0.0305328369140625,0.038543701171875,0.7138671875,0.0823974609375,0.02679443359375,0.0184783935546875,0.0892333984375
1383,6.0,0.0384521484375,0.11090087890625,0.2252197265625,0.205078125,0.10552978515625,0.1136474609375,0.201171875
1384,6.0,0.03509521484375,0.00229644775390625,0.033538818359375,0.09326171875,0.078369140625,0.0027751922607421875,0.7548828125
1385,6.0,0.004810333251953125,0.0010499954223632812,0.050048828125,0.44921875,0.015533447265625,0.003021240234375,0.476318359375
1386,6.0,0.008270263671875,0.001148223876953125,0.1773681640625,0.264404296875,0.1014404296875,0.001956939697265625,0.4453125
1387,6.0,0.01070404052734375,0.0024318695068359375,0.09552001953125,0.159912109375,0.0157012939453125,0.00785064697265625,0.7080078125
1388,6.0,0.014892578125,0.050689697265625,0.58056640625,0.0283966064453125,0.01502227783203125,0.032623291015625,0.27783203125
1389,6.0,0.037841796875,0.02313232421875,0.69140625,0.00708770751953125,0.0232391357421875,0.03875732421875,0.1787109375
1390,6.0,0.044769287109375,0.016021728515625,0.3564453125,0.193359375,0.023162841796875,0.0634765625,0.302734375
1391,6.0,0.022552490234375,0.02252197265625,0.059112548828125,0.5419921875,0.257568359375,0.00768280029296875,0.08868408203125
1392,6.0,0.00994873046875,0.013916015625,0.1416015625,0.1470947265625,0.3603515625,0.0048675537109375,0.322265625
1393,6.0,0.142822265625,0.05914306640625,0.0914306640625,0.061065673828125,0.3310546875,0.041412353515625,0.27294921875
1394,6.0,0.030120849609375,0.01441192626953125,0.08624267578125,0.020111083984375,0.35400390625,0.0026302337646484375,0.492431640625
1395,6.0,0.0156707763671875,0.00293731689453125,0.0246124267578125,0.01267242431640625,0.147216796875,0.00771331787109375,0.7890625
1396,6.0,0.001659393310546875,0.0024871826171875,0.01041412353515625,0.48974609375,0.0079498291015625,0.007381439208984375,0.480224609375
1397,6.0,0.005718231201171875,0.004001617431640625,0.0438232421875,0.82421875,0.061004638671875,0.0015363693237304688,0.0596923828125
1398,6.0,0.0226287841796875,0.00945281982421875,0.249755859375,0.0160064697265625,0.048492431640625,0.01849365234375,0.63525390625
1399,6.0,0.0204315185546875,0.0288848876953125,0.537109375,0.287353515625,0.0226593017578125,0.011322021484375,0.0921630859375
1400,6.0,0.0225067138671875,0.2178955078125,0.388916015625,0.05670166015625,0.235107421875,0.028472900390625,0.05047607421875
1401,6.0,0.006420135498046875,0.0023632049560546875,0.0310516357421875,0.83642578125,0.02655029296875,0.0012750625610351562,0.0958251953125
1402,6.0,0.01038360595703125,0.006816864013671875,0.59521484375,0.03955078125,0.0244293212890625,0.0030574798583984375,0.320556640625
1403,6.0,0.10516357421875,0.007678985595703125,0.130615234375,0.004184722900390625,0.03106689453125,0.0335693359375,0.6875
1404,6.0,0.004451751708984375,0.001995086669921875,0.19873046875,0.360595703125,0.0279693603515625,0.0112457275390625,0.395263671875
1405,6.0,0.042877197265625,0.01016998291015625,0.1873779296875,0.06451416015625,0.0188140869140625,0.08636474609375,0.58984375
1406,6.0,0.006011962890625,0.004924774169921875,0.061279296875,0.69873046875,0.045501708984375,0.00830841064453125,0.1751708984375
1407,6.0,0.003925323486328125,0.0004711151123046875,0.02764892578125,0.003993988037109375,0.0008335113525390625,0.023956298828125,0.93896484375
1408,6.0,0.07305908203125,0.03289794921875,0.448486328125,0.07330322265625,0.00809478759765625,0.194091796875,0.170166015625
1409,6.0,0.034576416015625,0.0760498046875,0.1773681640625,0.1025390625,0.5810546875,0.004917144775390625,0.0237274169921875
1410,6.0,0.0322265625,0.0350341796875,0.88818359375,0.0019779205322265625,0.0108795166015625,0.0057830810546875,0.026092529296875
1411,6.0,0.11492919921875,0.043182373046875,0.1822509765625,0.09014892578125,0.10882568359375,0.056732177734375,0.40380859375
1412,6.0,0.0222930908203125,0.0196075439453125,0.25439453125,0.226318359375,0.039581298828125,0.038299560546875,0.3994140625
1413,6.0,0.0022125244140625,0.002712249755859375,0.0134429931640625,0.06689453125,0.075927734375,0.00978851318359375,0.8291015625
1414,6.0,0.0022792816162109375,0.2412109375,0.031585693359375,0.282958984375,0.412109375,0.00756072998046875,0.0224151611328125
1415,6.0,0.0125732421875,0.08074951171875,0.382568359375,0.254150390625,0.2060546875,0.01178741455078125,0.05218505859375
1416,6.0,0.023681640625,0.0198211669921875,0.66455078125,0.0219268798828125,0.01275634765625,0.0352783203125,0.22216796875
1417,6.0,0.07293701171875,0.274658203125,0.09326171875,0.1976318359375,0.055572509765625,0.039703369140625,0.26611328125
1418,6.0,0.020477294921875,0.0175628662109375,0.336669921875,0.1068115234375,0.01401519775390625,0.046630859375,0.457763671875
1419,6.0,0.0254364013671875,0.01076507568359375,0.331298828125,0.286376953125,0.052703857421875,0.01861572265625,0.27490234375
1420,6.0,0.0103759765625,0.06488037109375,0.11712646484375,0.050079345703125,0.5634765625,0.02398681640625,0.170166015625
1421,6.0,0.0038585662841796875,0.0007214546203613281,0.038787841796875,0.212890625,0.01050567626953125,0.004367828369140625,0.72900390625
1422,6.0,0.005382537841796875,0.05023193359375,0.430419921875,0.392578125,0.03955078125,0.02392578125,0.05780029296875
1423,6.0,0.052459716796875,0.19873046875,0.2418212890625,0.20458984375,0.1492919921875,0.0282440185546875,0.1248779296875
1424,6.0,0.021728515625,0.03216552734375,0.716796875,0.03717041015625,0.02166748046875,0.02191162109375,0.1488037109375
1425,6.0,0.0960693359375,0.11578369140625,0.07159423828125,0.0296173095703125,0.56787109375,0.0200958251953125,0.0987548828125
1426,6.0,0.03411865234375,0.1796875,0.6259765625,0.058624267578125,0.021148681640625,0.041351318359375,0.039337158203125
1427,6.0,0.10052490234375,0.0227508544921875,0.39013671875,0.06817626953125,0.1107177734375,0.0139617919921875,0.2939453125
1428,6.0,0.057220458984375,0.136474609375,0.6298828125,0.042877197265625,0.08966064453125,0.00949859619140625,0.034332275390625
1429,6.0,0.0019350051879882812,0.0002663135528564453,0.01113128662109375,0.0704345703125,0.005413055419921875,0.0027408599853515625,0.908203125
